
Algorithm: I1A1U1

Metric: Euclidean

CLUSTER-0{size: 28 , centroid: -0.135956,0.117057,0.00912157,0.0239398,0.0249155,0.0488743,0.00349736,0.028127,0.0275784,0.0493151,0.0564936,0.0123331,0.028127,0.0249155,0.028127,0.0459237,0.0249155,0.0493794,0.0255774,0.0467368,0.028127,0.0386529,-0.00966513,0.00744223,0.0861429,0.0228514,0.028127,0.0241025,0.0439788,0.0387253,0.0399337,0.0436472,0.0395073,0.010577,0.0115286,0.0499005,0.031211,0.0252498,0.028127,0.0459237,-0.0126248,0.0467368,0.0204065,0.0391604,0.0459237,0.0373666,0.0249155,0.027314,0.028127,0.0182293,0.028127,0.0231546,0.0268275,0.0212845,0.0204169,0.0282489,-0.0167401,0.0438595,0.0241025,0.0358072,0.0249155,0.0543581,0.0494717,0.027314,0.01152,0.0243669,0.0322298,0.0457679,0.0249155,0.0249155,0.0561549,0.0051498,0.0249155,-0.00225414,0.0151413,0.00471875,-0.00183952,0.0104428,0.028353,0.0169264,0.0427122,0.0309835,0.014282,0.0249155,0.0414876,0.0273509,0.0241025,0.027314,0.0070574,0.038266,0.0282489,0.0228514,0.0172054,0.0263112,0.0419064,0.027314,0.0210477,0.0787962,0.053418,0.0559153,}

CLUSTER-1{size: 0 , centroid: 0,0.733568,0.733568,0.733568,0.733568,0.733568,0.733568,0.733568,0.733568,0.733568,0.733568,0.733568,0.733568,0.733568,0.733568,0.733568,0.733568,0.733568,0.733568,0.733568,0.733568,0.733568,0.733568,0.733568,0.733568,0.733568,0.733568,0.733568,0.733568,0.733568,0.733568,0.733568,2.1693,0.733568,0.733568,0.733568,0.733568,0.733568,0.733568,0.733568,0.733568,0.733568,0.733568,0.733568,0.733568,0.733568,0.733568,0.733568,0.733568,0.733568,0.733568,0.733568,0.733568,0.733568,0.733568,0.733568,0.733568,0.733568,0.733568,0.733568,0.733568,0.733568,0.733568,0.733568,0.733568,0.733568,0.733568,0,0.733568,0.733568,0.733568,0.733568,0.733568,0.733568,0.733568,0.733568,0.733568,0.733568,0.733568,0.733568,0.733568,0.733568,0.733568,0.733568,0.733568,0.733568,0.733568,0.733568,0.733568,0.733568,0.733568,0.733568,0.733568,0.764969,0.733568,0.733568,0.733568,0.733568,0.733568,0.733568,}

CLUSTER-2{size: 23 , centroid: 1.14837,1.01688,0.662952,0.772717,0.772717,0.790919,0.763002,0.760689,0.763002,0.738882,0.763002,0.763002,0.729067,0.741043,0.763002,0.657802,0.772717,0.74478,0.74478,0.763002,0.756808,0.74478,0.74478,0.756808,0.788626,0.772717,0.760689,0.763002,0.773473,0.76728,0.707345,0.74478,0.672636,0.763002,0.739258,0.85524,0.909578,0.771234,0.763002,0.763002,0.748342,0.763002,0.749712,0.772101,0.686687,0.826958,0.75848,0.767744,0.763002,0.763002,0.763002,0.738782,0.802174,0.772717,0.746034,0.718607,0.696537,0.804535,0.784501,0.596278,0.621667,0.875049,0.800337,0.763002,0.699344,0.763002,0.695843,0.715998,0.729067,0.662952,0.776523,0.904661,0.768538,0.744429,0.763002,0.763002,0.776599,0.763002,0.854654,0.701569,0.784744,0.745216,0.726891,0.756808,0.810854,0.73107,0.709096,0.763002,0.719234,0.770508,0.763002,0.73107,0.772717,0.772602,0.810854,0.763002,0.798597,0.720429,0.763002,0.772717,}

CLUSTER-3{size: 29 , centroid: 1.05969,0.570642,0.497907,0.488788,0.497907,0.497907,0.481126,0.497907,0.480326,0.486263,0.510756,0.497907,0.497907,0.457492,0.497907,0.448288,0.50858,0.497907,0.498985,0.48432,0.497907,0.497907,0.497907,0.497907,0.48075,0.497907,0.483226,0.497907,0.483226,0.426712,0.467402,0.497907,0.513139,0.497907,0.464814,0.450122,0.611969,0.497907,0.497907,0.497907,0.440848,0.497907,0.497907,0.478861,0.50158,0.458888,0.502925,0.513753,0.497907,0.497907,0.497907,0.494813,0.493255,0.481493,0.480756,0.433223,0.507214,0.497907,0.497907,0.497907,0.497907,0.417505,0.511688,0.492364,0.497907,0.512975,0.508435,0.458292,0.482574,0.497907,0.481696,0.482574,0.483098,0.497907,0.497907,0.497907,0.497907,0.508908,0.465947,0.497907,0.528205,0.481493,0.472794,0.497907,0.508371,0.502435,0.497907,0.489267,0.497907,0.503289,0.4901,0.497907,0.497907,0.480861,0.47711,0.497907,0.500082,0.497907,0.496419,0.497907,}

CLUSTER-4{size: 2 , centroid: -1.83413,-1.83413,-1.62922,-1.75261,-1.75261,-1.75261,-1.75261,-1.62922,-1.75261,-1.69753,-1.75261,-1.62922,-1.75261,-1.69753,-1.75261,-1.75261,-1.75261,-1.75261,-1.75261,-1.75261,-1.75261,-1.75261,-1.75261,-1.75261,-1.62922,-1.75261,-1.75261,-1.83413,-2.06594,-2.03904,-1.75261,-1.69753,-1.62922,-1.75261,-1.4025,-1.75261,-2.03904,-1.62922,-1.75261,-1.75261,-1.69753,-1.75261,-1.75261,-1.7186,-1.75261,-1.75261,-1.83413,-1.75261,-1.75261,-1.75261,-1.75261,-1.75261,-1.45759,-1.75261,-1.75261,-1.75261,-2.17565,-1.75261,-1.77368,-1.75261,-1.75261,-2.24543,-1.75261,-1.75261,-1.75261,-1.75261,-1.75261,-1.75261,-1.75261,-1.75261,-1.75261,-1.75261,-1.69753,-1.69753,-1.75261,-1.75261,-1.69753,-1.75261,-1.75261,-1.69753,-1.75261,-1.75261,-2.51864,-1.75261,-1.62922,-1.22883,-1.75261,-1.75261,-1.75261,-1.75261,-1.75261,-1.83413,-1.75261,-1.69753,-1.75261,-1.75261,-1.35222,-1.69753,-1.77368,-1.75261,}

CLUSTER-5{size: 8 , centroid: -0.554487,-0.315778,-0.39364,-0.39364,-0.39364,-0.39364,-0.39364,-0.39364,-0.39364,-0.365354,-0.39364,-0.39364,-0.39364,-0.391528,-0.39364,-0.45793,-0.39364,-0.39364,-0.387137,-0.39364,-0.39364,-0.39364,-0.39364,-0.39364,-0.39364,-0.3965,-0.39364,-0.39364,-0.352402,-0.372366,-0.484498,-0.39364,-0.39364,-0.39364,-0.373324,-0.391528,-0.307854,-0.39364,-0.39364,-0.445664,-0.39364,-0.3965,-0.391528,-0.251909,-0.414004,-0.679771,-0.404878,-0.39364,-0.39364,-0.500075,-0.39364,-0.3965,-0.39364,-0.39364,-0.391528,-0.32861,-0.35108,-0.391528,-0.3965,-0.39364,-0.39364,-0.431545,-0.39364,-0.3965,-0.355433,-0.39364,-0.39364,-0.39364,-0.39364,-0.32861,-0.39364,-0.39364,-0.39364,-0.39364,-0.39364,-0.39364,-0.391528,-0.39364,-0.3965,-0.39364,-0.355433,-0.39364,-0.39364,-0.39364,-0.39364,-0.355433,-0.419121,-0.39364,-0.391528,-0.372366,-0.32861,-0.39364,-0.39364,-0.394396,-0.3965,-0.39364,-0.39364,-0.32861,-0.39364,-0.39364,}

CLUSTER-6{size: 12 , centroid: 2.19969,0.95049,1.10528,1.08209,1.11507,1.10528,1.10528,1.10528,1.10528,1.02399,1.09314,1.10528,1.10528,1.10528,1.10528,1.10528,1.10528,1.07736,1.10528,1.1526,1.07736,1.01263,1.08715,1.10528,1.10528,1.10528,1.10528,1.10528,1.10528,0.952054,1.07986,1.10528,1.10528,1.07736,1.10528,1.51721,0.972092,1.10528,1.10528,1.10528,1.08413,1.10528,1.07037,0.853544,1.00585,0.839916,1.10528,1.07736,1.10528,1.07736,1.10528,1.10528,1.07736,1.10528,1.06802,1.10528,0.996557,1.11507,1.10528,1.10528,1.10528,1.13717,1.01416,1.10528,1.11507,1.10528,1.11507,1.51426,1.10528,1.10528,1.10528,1.06316,1.10528,1.01263,1.10528,1.10528,1.10528,1.10528,1.01263,1.11507,1.10528,1.10528,1.10528,1.01153,1.10528,1.11507,1.10528,1.10528,1.10528,1.10528,1.11507,1.10528,1.10528,1.10528,1.11507,1.10528,1.10528,1.11507,1.11507,1.10528,}

CLUSTER-7{size: 1 , centroid: 16.4068,5.16435,1.24674,0.596761,1.24674,1.24674,1.24674,1.24674,1.24674,1.24674,1.24674,1.24674,1.24674,1.24674,1.24674,1.24674,1.24674,1.24674,1.24674,0.649981,1.24674,1.37124,1.24674,1.24674,1.24674,1.24674,1.24674,1.24674,0.274666,1.24674,0.274666,1.24674,1.24674,1.24674,0.101144,2.5039,0.956717,1.24674,1.24674,0.951541,0.43925,0.962428,1.24674,1.16773,1.24674,1.63219,-0.109587,1.24674,1.24674,0.520769,1.24674,1.24674,1.04003,1.24674,1.24674,1.24674,0.964335,1.24674,0.743773,0.694464,1.24674,0.177691,1.1107,1.24674,1.24674,1.24674,1.24674,0.596761,1.24674,1.24674,0.649981,0.649981,1.24674,1.24674,1.24674,0.649981,1.24674,1.24674,0.375811,1.24674,1.24674,1.24674,0.35478,0.596761,0.968456,0.649981,1.24674,-0.346688,1.24674,0.314742,1.24674,1.24674,1.24674,0.979245,1.24674,0.649981,0.44412,1.24674,1.24674,1.24674,}

CLUSTER-8{size: 34 , centroid: 0.468449,0.308648,0.287883,0.271402,0.259802,0.2836,0.276348,0.283219,0.280106,0.280579,0.275501,0.26433,0.283219,0.26368,0.276348,0.259559,0.276348,0.27165,0.268631,0.283219,0.280106,0.278583,0.281214,0.290559,0.259134,0.278583,0.276348,0.26202,0.298899,0.263581,0.28063,0.270316,0.293734,0.276348,0.290293,0.249687,0.273413,0.262753,0.276348,0.283219,0.203422,0.28497,0.268015,0.248798,0.264257,0.261193,0.257205,0.319082,0.276348,0.277122,0.276348,0.280596,0.267225,0.271108,0.261052,0.257807,0.283138,0.264257,0.277447,0.271597,0.290856,0.273916,0.297121,0.285556,0.258911,0.276348,0.276348,0.340687,0.276348,0.270461,0.27553,0.242069,0.257352,0.264257,0.283151,0.276348,0.257972,0.290063,0.2804,0.273843,0.272965,0.280596,0.278211,0.294754,0.28497,0.263933,0.303469,0.243223,0.273906,0.2653,0.283219,0.299015,0.263933,0.268838,0.276348,0.263933,0.27592,0.253409,0.258627,0.263378,}

CLUSTER-9{size: 1 , centroid: 1.78881,2.51293,0.427167,0.427167,0.427167,0.427167,0.427167,0.427167,0.427167,0.102773,0.0521155,0.427167,0.427167,0.427167,0.427167,0.427167,0.427167,0.427167,0.427167,0.427167,0.427167,0.427167,0.427167,0.427167,0.427167,0.427167,0.427167,0.427167,0.427167,0.427167,0.794733,0.427167,0.215947,0.427167,0.102773,1.11933,0.101144,0.427167,0.427167,0.215947,0.427167,0.427167,0.427167,0.514709,0.427167,0.427167,0.427167,0.215947,0.427167,0.427167,0.427167,0.427167,0.583528,0.427167,0.215947,0.427167,0.436163,0.427167,0.427167,0.482384,0.427167,0.215947,-0.338627,0.427167,0.427167,0.211221,0.215947,0.340947,0.427167,0.529696,0.102773,0.215947,0.427167,0.427167,0.396525,0.427167,0.427167,0.427167,0.427167,0.427167,0.427167,0.709849,0.726779,0.427167,0.427167,0.482384,0.427167,0.215947,0.427167,0.215947,0.427167,0.215947,0.427167,0.211221,0.427167,0.427167,-0.0271079,0.427167,0.427167,0.427167,}

CLUSTER-10{size: 0 , centroid: 157.329,69.7387,0.948205,1.96276,1.40587,0.917663,0.112746,1.24177,0.326977,3.05808,3.71045,0.848122,5.90242,0.703218,1.30683,3.1454,0.784527,2.13111,5.90242,5.56107,0.361158,1.78285,-0.558179,1.16444,2.11095,5.90242,1.37915,1.70927,6.9674,3.72706,4.5887,0.90007,5.05983,1.97428,2.64963,15.2083,44.4912,0.440434,1.47293,1.89753,-0.191668,0.917663,1.0096,11.49,0.318211,14.1587,3.65797,3.88105,5.90242,0.629012,1.12642,-1.06756,4.11309,1.14401,8.02804,4.76323,5.58401,0.19611,2.78705,5.83225,1.90913,17.9142,6.33399,5.90242,1.47022,4.62146,3.8605,21.2204,0.195096,1.94807,1.85884,5.08681,3.55774,0.710934,4.12721,1.25772,1.82012,2.75998,2.85358,3.73372,1.61172,5.64368,7.34535,2.62012,1.10564,1.87992,2.45973,-0.0284947,0.361158,3.05389,2.65771,3.52591,0.0569076,3.04306,1.29302,0.805735,7.73109,1.656,-0.170891,5.90242,}

CLUSTER-11{size: 5 , centroid: 16.3008,12.6386,4.37537,3.93245,4.73992,4.73992,4.73992,4.73992,4.73992,4.73992,4.73992,4.73992,4.73992,4.3406,4.37537,4.73992,4.73992,4.71061,4.29026,4.30027,4.37537,4.5404,4.63067,4.29026,4.73992,4.73992,4.73992,4.71219,3.69441,4.43315,2.92804,4.73992,4.71577,4.29026,5.09716,4.95066,5.25749,4.63067,4.73992,4.73992,4.73992,4.73992,4.63067,5.60332,4.37537,3.57473,5.11301,5.25641,4.73992,4.73992,4.63067,4.26182,4.46444,4.73992,4.329,3.16901,4.73992,4.73992,4.73992,3.70321,4.3406,4.13293,4.28811,4.73992,4.30535,4.73992,4.63067,3.13626,4.73992,4.29026,4.73992,3.91822,4.39441,3.93245,5.05618,4.73992,4.73992,4.29026,4.73992,4.5404,5.05618,4.73992,4.5211,4.329,4.73992,4.39441,4.73992,4.73992,4.40539,4.73992,4.73992,4.66424,5.05618,4.329,4.73992,4.46205,3.5189,4.73992,4.73992,4.73992,}

CLUSTER-12{size: 9 , centroid: 4.69798,2.58746,0.736706,0.774761,0.774761,0.726884,0.694417,0.70177,0.774761,0.610692,0.774761,0.694417,0.774761,0.774761,0.70177,0.703417,0.774761,0.694417,0.774761,0.895177,0.774761,0.765465,0.774761,0.70177,0.568132,0.719556,0.774547,0.774761,0.806458,0.593715,0.527595,0.774761,0.846944,0.774761,0.506011,0.413126,0.504183,0.926959,0.774761,0.774761,0.487279,0.719556,0.774761,0.389703,0.774761,0.417567,1.15832,0.790336,0.774761,0.774761,0.774761,0.718948,0.89881,0.708574,0.577322,0.527628,0.640787,0.774761,0.74982,0.660476,0.774761,0.408152,0.535213,0.705143,0.779971,0.774761,0.774761,0.784655,0.774761,0.932637,0.740465,0.774761,0.707078,0.782499,0.714755,0.774761,0.782499,0.774761,0.700182,0.745824,0.774761,0.926959,0.49574,0.736706,0.774761,0.513256,0.708574,0.774761,0.694556,0.5936,0.733456,0.67677,0.774761,0.610583,0.774761,0.774761,0.496064,0.586769,0.724012,0.77343,}

CLUSTER-13{size: 5 , centroid: 2.45976,2.70581,2.29808,2.22164,2.22164,2.22164,2.22164,2.22164,2.22164,2.22164,2.22164,2.22164,2.22164,1.94783,2.22164,2.29808,2.29808,2.22164,2.22164,2.22164,2.22164,2.22164,2.22164,2.22164,2.22164,2.22164,2.22164,2.22164,2.31086,2.34741,1.94783,2.22164,1.94783,2.22164,2.35075,2.40007,2.07109,2.22164,2.22164,2.22164,2.22164,2.22164,2.22164,2.35075,2.22164,2.53111,2.40007,2.22164,2.22164,2.22164,2.22164,2.22164,2.35075,2.22164,1.95116,2.22164,2.34741,2.22164,2.22164,2.29808,1.94783,1.75911,2.35075,2.22164,2.29808,2.22164,2.22164,1.88652,2.22164,2.29808,1.95116,2.22164,1.94783,2.22164,2.22164,2.22164,2.22164,1.94783,1.94783,2.22164,2.22164,2.22164,2.35075,2.22164,2.22164,2.35075,2.22164,2.22164,2.00049,2.35075,2.22164,2.40007,2.22164,2.40007,2.22164,2.22164,2.40007,2.22164,2.22164,2.22164,}

CLUSTER-14{size: 13 , centroid: 2.60957,2.47947,1.45974,1.52723,1.47475,1.41494,1.41364,1.49251,1.58608,1.43559,1.47394,1.45974,1.48406,1.59621,1.53049,1.51234,1.4466,1.54184,1.37136,1.64615,1.58676,1.52331,1.41747,1.53248,1.45675,1.5325,1.53049,1.57557,1.74026,1.56922,1.45361,1.37136,1.60008,1.52562,1.45554,1.37086,2.1603,1.52816,1.5325,1.53898,1.62789,1.53898,1.57177,1.34381,1.42429,1.48547,1.5348,1.90995,1.49802,1.31121,1.49539,1.52081,1.53717,1.51065,1.51984,1.46837,1.58192,1.49374,1.41439,1.50847,1.5792,1.39441,1.23577,1.51134,1.45675,1.38295,1.57891,1.46745,1.49802,1.51916,1.57268,1.37783,1.54442,1.52948,1.59421,1.45592,1.55675,1.54212,1.41247,1.38302,1.45361,1.6308,1.43247,1.39075,1.67289,1.43207,1.43247,1.51549,1.5945,1.54502,1.3823,1.58126,1.46524,1.48507,1.55147,1.5969,1.62919,1.50374,1.57461,1.5325,}

clustering_time: 0.152466
Silhouette: [0.605491,-0.155652,0.421414,0.410224,0.368589,0.283658,0.579224,0.508369,0.432475,0.24394,0.0906543,0.545867,-0.00409272,0.333089] 

--------------------------------------------


CLUSTER-0 {160,71,139,130,137,138,179,54,51,111,171,86,194,189,123,53,79,142,92,23,34,165,90,97,43,15,105,66,108} 

CLUSTER-1 {17} 

CLUSTER-2 {163,159,127,102,2,78,136,46,48,197,69,11,199,55,94,180,0,13,29,132,95,104,117,126} 

CLUSTER-3 {166,173,143,140,129,25,39,67,68,60,172,192,75,177,37,4,56,3,41,88,162,176,14,198,124,154,193,155,145,10} 

CLUSTER-4 {196,185,120} 

CLUSTER-5 {77,74,9,64,16,110,85,87,96} 

CLUSTER-6 {122,33,58,188,184,30,158,169,141,135,100,125,149} 

CLUSTER-7 {161,115} 

CLUSTER-8 {156,81,146,70,49,1,113,190,131,61,19,153,84,73,148,47,168,57,191,109,35,18,20,8,106,32,82,151,89,103,157,195,118,121,144} 

CLUSTER-9 {152,12} 

CLUSTER-10 {27} 

CLUSTER-11 {175,7,181,178,22,114} 

CLUSTER-12 {28,38,174,40,182,59,62,93,133,44} 

CLUSTER-13 {52,167,112,5,116,101} 

CLUSTER-14 {150,147,128,170,164,76,31,134,98,42,45,24,6,21} 
