
Algorithm: I1A1U1

Metric: Euclidean

CLUSTER-0{size: 11 , centroid: 0.931749,0.931749,0.931749,0.931749,0.931749,0.931749,0.931749,0.931749,0.931749,0.931749,0.931749,0.931749,0.931749,0.931749,0.931749,0.931749,0.931749,0.931749,0.931749,0.931749,0.931749,0.931749,0.931749,0.931749,0.931749,0.931749,0.931749,0.931749,0.931749,0.931749,0.931749,0.931749,0.931749,0.931749,0.931749,0.931749,0.931749,0.931749,0.931749,0.931749,0.931749,0.931749,0.931749,0.931749,0.931749,0.931749,0.931749,0.931749,0.931749,0.931749,0.931749,0.931749,0.931749,0.931749,0.931749,0.931749,0.931749,0.931749,0.931749,0.931749,0.931749,0.931749,0.931749,0.931749,0.931749,0.931749,0.931749,0.931749,0.931749,0.931749,0.931749,0.931749,0.931749,0.931749,0.931749,0.931749,0.931749,0.931749,0.931749,0.931749,0.931749,0.931749,0.931749,0.931749,0.931749,0.931749,0.931749,0.931749,0.931749,0.931749,0.931749,0.931749,0.931749,0.931749,0.931749,0.931749,0.931749,0.931749,0.931749,0.931749,}

CLUSTER-1{size: 55 , centroid: 0.337532,0.314522,0.320814,0.319767,0.318695,0.318695,0.312949,0.318695,0.318695,0.318695,0.318695,0.318695,0.318695,0.318695,0.318695,0.318695,0.318695,0.318695,0.308907,0.318695,0.318695,0.319767,0.320814,0.324922,0.319767,0.318695,0.319767,0.318695,0.332182,0.319162,0.318695,0.318695,0.318695,0.318695,0.320814,0.324317,0.31809,0.31809,0.318695,0.318695,0.318695,0.318695,0.318695,0.31809,0.318695,0.31809,0.318695,0.318695,0.318695,0.318695,0.318695,0.324922,0.312949,0.318695,0.324922,0.318695,0.312804,0.318695,0.31809,0.318695,0.318695,0.31809,0.324317,0.318695,0.318695,0.318695,0.318695,0.318695,0.318695,0.318695,0.318695,0.308907,0.318695,0.318695,0.318695,0.318695,0.322544,0.318695,0.318695,0.318695,0.318695,0.318695,0.318695,0.318695,0.318695,0.318695,0.318695,0.318695,0.315725,0.324922,0.318695,0.312949,0.308907,0.308907,0.318695,0.318695,0.308302,0.318695,0.318695,0.318695,}

CLUSTER-2{size: 4 , centroid: 0.4578,0.0381819,0.200562,0.200562,0.200562,0.200562,0.200562,0.200562,0.200562,0.200562,0.200562,0.200562,0.200562,0.200562,0.200562,0.200562,0.200562,0.200562,0.200562,0.200562,0.200562,0.200562,0.200562,0.200562,0.200562,0.200562,0.200562,0.200562,0.200562,0.200562,0.16238,0.200562,0.200562,0.200562,0.200562,0.200562,0.165327,0.200562,0.200562,0.200562,0.200562,0.200562,0.200562,0.200562,0.200562,0.200562,0.200562,0.200562,0.200562,0.200562,0.200562,0.200562,0.200562,0.200562,0.200562,0.200562,0.200562,0.200562,0.200562,0.200562,0.200562,0.200562,0.200562,0.200562,0.200562,0.200562,0.200562,0.200562,0.200562,0.200562,0.161503,0.200562,0.200562,0.165327,0.200562,0.200562,0.253414,0.200562,0.200562,0.200562,0.200562,0.200562,0.200562,0.200562,0.200562,0.200562,0.200562,0.200562,0.200562,0.200562,0.200562,0.200562,0.200562,0.200562,0.200562,0.200562,0.200562,0.200562,0.200562,0.200562,}

CLUSTER-3{size: 0 , centroid: -0.523207,-1.17176,-0.348805,-0.348805,-0.348805,-0.348805,-0.348805,-0.348805,-0.348805,-0.348805,-0.348805,-0.348805,-0.348805,-0.348805,-0.348805,-0.348805,-0.348805,-0.348805,-0.348805,-0.348805,-0.348805,-0.348805,-0.348805,-0.348805,-0.348805,-0.348805,-0.348805,-0.348805,-0.348805,-0.348805,-0.348805,-0.348805,-0.348805,-0.348805,-0.348805,-0.348805,-0.348805,-0.348805,-0.348805,-0.348805,-0.348805,-0.348805,-0.348805,-0.348805,-0.348805,-0.348805,-0.348805,-0.348805,-0.348805,-0.348805,-0.348805,-0.348805,-0.348805,-0.348805,-0.348805,-0.348805,-0.348805,-0.348805,-0.348805,-0.348805,-0.348805,0.648557,-0.348805,-0.348805,-0.348805,-0.348805,-0.348805,-0.348805,-0.348805,-0.348805,-0.348805,-0.348805,-0.348805,-0.348805,-0.348805,-0.348805,-0.348805,-0.348805,-0.348805,-0.348805,-0.348805,-0.348805,-0.348805,-0.348805,-0.348805,-0.348805,-0.348805,-0.348805,-0.348805,-0.348805,-0.348805,-0.348805,-0.348805,-0.348805,-0.348805,-0.348805,-0.348805,-0.348805,-0.348805,-0.348805,}

CLUSTER-4{size: 36 , centroid: 1.2207,1.14887,1.14142,1.13831,1.13831,1.13831,1.13831,1.13831,1.13831,1.13831,1.13831,1.13831,1.13831,1.13831,1.13831,1.14142,1.18366,1.13831,1.13831,1.13831,1.13831,1.13831,1.13831,1.13831,1.13831,1.13831,1.13831,1.13831,1.14142,1.14142,1.13831,1.13831,1.13831,1.13831,1.14142,1.11816,1.10277,1.13831,1.13831,1.13831,1.13831,1.13831,1.13831,1.14142,1.13831,1.13831,1.14142,1.13831,1.13831,1.13831,1.13831,1.13831,1.14142,1.13831,1.13831,1.13831,1.14142,1.13831,1.13831,1.14142,1.05875,1.13831,1.10804,1.13831,1.20458,1.13831,1.13831,1.13831,1.13831,1.14142,1.13831,1.13831,1.13831,1.13831,1.13831,1.13831,1.13831,1.13831,1.05875,1.13831,1.13831,1.13831,1.12908,1.13831,1.13831,1.14142,1.13831,1.13831,1.13831,1.14142,1.13831,1.14142,1.13831,1.14142,1.13831,1.13831,1.14142,1.13831,1.13831,1.13831,}

CLUSTER-5{size: 35 , centroid: 0.653668,0.672414,0.662381,0.664717,0.664717,0.664717,0.662817,0.66656,0.675051,0.664717,0.656528,0.664717,0.66656,0.662817,0.664717,0.664717,0.66656,0.678299,0.664717,0.664717,0.674092,0.661857,0.664717,0.692478,0.656528,0.664717,0.658609,0.676592,0.658609,0.658609,0.675963,0.664717,0.664659,0.66656,0.672414,0.656528,0.656528,0.664717,0.664717,0.675051,0.664659,0.660481,0.66656,0.662817,0.661857,0.664717,0.664717,0.66656,0.664717,0.661857,0.658609,0.679586,0.671755,0.662817,0.664717,0.664717,0.6637,0.674092,0.664717,0.664717,0.664717,0.656273,0.664717,0.66656,0.664717,0.656528,0.67011,0.662381,0.656528,0.664717,0.686369,0.650419,0.664659,0.650419,0.662817,0.664717,0.664717,0.66656,0.662381,0.656528,0.664717,0.660481,0.664717,0.664717,0.672414,0.658609,0.662381,0.664717,0.654627,0.6637,0.661857,0.662381,0.664717,0.656273,0.661857,0.666862,0.661857,0.661857,0.678299,0.664717,}

CLUSTER-6{size: 29 , centroid: 0.926757,0.894781,0.897973,0.897973,0.897973,0.897973,0.897973,0.897973,0.897973,0.897973,0.897973,0.897973,0.897973,0.897973,0.897973,0.897973,0.897973,0.897973,0.897973,0.897973,0.897973,0.897973,0.897973,0.897973,0.897973,0.897973,0.897973,0.897973,0.894781,0.897973,0.897973,0.897973,0.897973,0.897973,0.897973,0.913992,0.894781,0.897973,0.897973,0.897973,0.897973,0.897973,0.897973,0.897973,0.897973,0.894781,0.897973,0.892293,0.897973,0.897973,0.897973,0.897973,0.908313,0.897973,0.87022,0.897973,0.892293,0.897973,0.897973,0.897973,0.897973,0.861646,0.913992,0.897973,0.897973,0.897973,0.897973,0.91501,0.897973,0.897973,0.897973,0.897973,0.897973,0.897973,0.897973,0.897973,0.897973,0.897973,0.897973,0.897973,0.897973,0.897973,0.897973,0.897973,0.897973,0.897973,0.897973,0.897973,0.897973,0.897973,0.897973,0.897973,0.897973,0.897973,0.897973,0.897973,0.897973,0.897973,0.897973,0.897973,}

CLUSTER-7{size: 42 , centroid: -0.557099,-0.550745,-0.550745,-0.550745,-0.550745,-0.550745,-0.550745,-0.550745,-0.550745,-0.550745,-0.550745,-0.550745,-0.550745,-0.550745,-0.550745,-0.550745,-0.550745,-0.550745,-0.550745,-0.550745,-0.550745,-0.550745,-0.550745,-0.550745,-0.550745,-0.550745,-0.550745,-0.550745,-0.550745,-0.550745,-0.550745,-0.550745,-0.550745,-0.550745,-0.550745,-0.544391,-0.550745,-0.550745,-0.550745,-0.550745,-0.550745,-0.550745,-0.550745,-0.550745,-0.550745,-0.550745,-0.550745,-0.550745,-0.550745,-0.550745,-0.550745,-0.550745,-0.550745,-0.550745,-0.550745,-0.550745,-0.550745,-0.550745,-0.550745,-0.550745,-0.550745,-0.550745,-0.550745,-0.550745,-0.550745,-0.550745,-0.550745,-0.550745,-0.550745,-0.550745,-0.550745,-0.550745,-0.550745,-0.550745,-0.550745,-0.550745,-0.550745,-0.550745,-0.550745,-0.550745,-0.550745,-0.550745,-0.550745,-0.550745,-0.550745,-0.550745,-0.550745,-0.550745,-0.550745,-0.550745,-0.550745,-0.550745,-0.550745,-0.550745,-0.550745,-0.550745,-0.550745,-0.550745,-0.550745,-0.550745,}

CLUSTER-8{size: 71 , centroid: 0.373301,0.368088,0.361948,0.361216,0.363123,0.361216,0.361216,0.361216,0.361216,0.361216,0.368112,0.361216,0.361216,0.356136,0.361216,0.361216,0.361216,0.365449,0.361216,0.363123,0.361216,0.365449,0.363123,0.361216,0.361216,0.361216,0.361216,0.365449,0.360562,0.356136,0.361216,0.361216,0.361216,0.361216,0.356136,0.346261,0.360562,0.361216,0.361216,0.361216,0.361216,0.361216,0.361216,0.357218,0.361216,0.358044,0.365449,0.356136,0.361216,0.361216,0.361216,0.361216,0.351981,0.356136,0.361948,0.361216,0.356329,0.363123,0.361216,0.361216,0.361216,0.363855,0.365449,0.361216,0.363123,0.361216,0.363123,0.350924,0.361216,0.361216,0.356136,0.361216,0.356329,0.361216,0.361216,0.361216,0.361216,0.361216,0.361216,0.367356,0.361216,0.361216,0.361216,0.361948,0.361216,0.363123,0.361216,0.361216,0.361216,0.361216,0.363123,0.365449,0.361216,0.361216,0.363123,0.361216,0.361216,0.363123,0.363123,0.361216,}

CLUSTER-9{size: 0 , centroid: 0.357514,0.440434,0.352158,0.352158,0.352158,0.352158,0.352158,0.510607,0.440434,0.440434,0.510607,0.352158,0.510607,-0.153093,0.352158,0.797948,0.352158,0,0.352158,1.46165,0.440434,1.02121,0,0.352158,0.510607,0.510607,0.352158,0.352158,0.440434,0.510607,0.352158,0.510607,0.510607,0.352158,0.352158,0.352158,0.352158,0.440434,0.352158,1.02121,0.510607,0.510607,-0.153093,0.868121,0.357514,1.02121,0,0.352158,0,-0.153093,0.352158,-0.153093,-0.153093,0.951041,0,0.352158,0.352158,0.357514,0.352158,0.352158,0.352158,-0.153093,0.357514,0.352158,-0.153093,0.352158,0.440434,0,0,0.352158,0,0.440434,-0.153093,-0.153093,0,0.440434,0.352158,0.440434,0.510607,0.510607,0.510607,-0.153093,0.357514,0.352158,0.440434,0.440434,0.510607,-0.153093,0.510607,0.352158,0.510607,0.440434,0.352158,0.352158,0.352158,0.352158,0.951041,0.440434,0.510607,-0.153093,}

CLUSTER-10{size: 50 , centroid: 0.527647,0.51385,0.51052,0.51052,0.51052,0.51052,0.51052,0.51052,0.51052,0.51052,0.51052,0.51052,0.51052,0.51052,0.51052,0.51052,0.51052,0.51052,0.51052,0.51052,0.51052,0.51052,0.51052,0.51052,0.51052,0.51052,0.51052,0.51052,0.500529,0.51052,0.51052,0.51052,0.51052,0.51052,0.51052,0.51385,0.497187,0.51052,0.51052,0.51052,0.51052,0.51052,0.51052,0.51052,0.51052,0.505055,0.51052,0.51052,0.51052,0.51052,0.51052,0.51052,0.51385,0.51052,0.51052,0.51052,0.51052,0.51052,0.500529,0.51385,0.51052,0.51052,0.51385,0.51052,0.51052,0.51052,0.51052,0.51052,0.51052,0.51052,0.51052,0.51052,0.51052,0.51052,0.51052,0.51052,0.51052,0.51052,0.51052,0.51052,0.51052,0.51052,0.51052,0.51052,0.51052,0.51052,0.51052,0.51052,0.51052,0.51052,0.51052,0.51052,0.51052,0.51552,0.51052,0.51052,0.51052,0.51052,0.51052,0.51052,}

CLUSTER-11{size: 0 , centroid: 1.18109,0.670478,0.283461,0.283461,0.283461,0.283461,0.283461,0.283461,0,0.283461,0.283461,0.283461,0.283461,0,0,0.283461,0.283461,0.670478,0.283461,0.283461,0,0.670478,0.510607,0.283461,0.283461,0.283461,0.283461,0.670478,0.670478,0,0.283461,0.283461,0.510607,0.283461,0.510607,0,1.18109,0.510607,0.283461,0.283461,0,0.283461,0.510607,1.18109,0.283461,0,0.670478,0,0.283461,0.283461,0.510607,0.283461,0,0,0.283461,0,0,0.283461,0,0,0,0.510607,1.18109,0.283461,0,0.283461,0.510607,0,0.283461,0.283461,0,0,0,0.283461,0.283461,0.283461,0,0,0,0.670478,0.283461,0,0.283461,0,0.283461,0,0.283461,0.283461,0,0.283461,0.283461,0.670478,0.283461,0,0.283461,0.283461,0.283461,0.283461,0,0.283461,}

CLUSTER-12{size: 2 , centroid: -0.192771,0.0502392,-0.108963,-0.108963,-0.108963,-0.108963,-0.108963,-0.108963,-0.108963,-0.108963,-0.108963,-0.108963,-0.108963,-0.108963,-0.108963,-0.108963,-0.108963,-0.108963,-0.108963,-0.108963,-0.108963,-0.108963,-0.108963,-0.108963,-0.108963,-0.108963,-0.108963,-0.108963,-0.108963,-0.108963,-0.108963,-0.108963,-0.108963,-0.108963,-0.108963,-0.0885974,-0.108963,-0.108963,-0.108963,-0.108963,-0.108963,-0.108963,-0.108963,-0.108963,-0.108963,-0.108963,-0.108963,-0.108963,-0.108963,-0.108963,-0.108963,-0.108963,-0.179677,-0.108963,-0.108963,-0.108963,-0.108963,-0.108963,-0.108963,-0.108963,-0.108963,-0.17006,-0.108963,-0.108963,-0.108963,-0.108963,-0.108963,-0.108963,-0.108963,-0.108963,-0.108963,-0.108963,-0.108963,-0.108963,-0.108963,-0.108963,-0.108963,-0.108963,-0.108963,-0.108963,-0.108963,-0.108963,-0.108963,-0.108963,-0.108963,-0.108963,-0.108963,-0.108963,-0.108963,-0.108963,-0.108963,-0.108963,-0.108963,-0.108963,-0.108963,-0.108963,-0.108963,-0.108963,-0.0729127,-0.108963,}

CLUSTER-13{size: 28 , centroid: -0.200867,-0.200505,-0.193576,-0.193576,-0.193576,-0.193576,-0.193576,-0.193576,-0.187714,-0.193576,-0.193576,-0.193576,-0.193576,-0.193576,-0.193576,-0.193576,-0.193576,-0.193576,-0.193576,-0.193576,-0.193576,-0.193576,-0.193576,-0.193576,-0.193576,-0.193576,-0.193576,-0.193576,-0.193576,-0.193576,-0.193576,-0.193576,-0.193576,-0.193576,-0.193576,-0.193576,-0.193576,-0.193576,-0.193576,-0.193576,-0.193576,-0.193576,-0.193576,-0.193576,-0.193576,-0.193576,-0.193576,-0.193576,-0.193576,-0.193576,-0.193576,-0.193576,-0.165133,-0.193576,-0.193576,-0.199437,-0.193576,-0.193576,-0.193576,-0.193576,-0.193576,-0.193576,-0.207797,-0.193576,-0.193576,-0.193576,-0.193576,-0.193576,-0.193576,-0.193576,-0.193576,-0.193576,-0.193576,-0.193576,-0.193576,-0.193576,-0.193576,-0.193576,-0.193576,-0.193576,-0.193576,-0.193576,-0.193576,-0.193576,-0.193576,-0.193576,-0.193576,-0.193576,-0.193576,-0.193576,-0.193576,-0.193576,-0.193576,-0.193576,-0.193576,-0.193576,-0.193576,-0.193576,-0.193576,-0.193576,}

CLUSTER-14{size: 0 , centroid: 0.159237,0.159237,0.159237,0.159237,0.159237,0.159237,0.159237,0.159237,0.159237,0.63695,0.159237,0.159237,0.159237,0.159237,0.159237,0.159237,0.159237,0.159237,0.159237,0.159237,0.159237,0.159237,0.159237,0.159237,0.159237,0.159237,0.159237,0.159237,0.159237,0.159237,0.159237,0.159237,0.159237,0.159237,0.159237,0,0.159237,0.159237,0.159237,0.159237,0.159237,0.159237,0.159237,0.159237,0.159237,0.159237,0.159237,0.159237,0.159237,0.159237,0.159237,0.159237,0.159237,0.159237,0,0.159237,0.159237,0.159237,0.159237,0.159237,0.159237,0.159237,0,0.159237,0.159237,0.159237,0.159237,0.159237,0.159237,0.159237,0.159237,0.159237,0.159237,0.159237,0.159237,0.159237,0.159237,0.159237,0.159237,0.159237,0.159237,0.159237,0.159237,0.159237,0.159237,0.159237,0.159237,0.159237,0.159237,0.159237,0.159237,0.159237,0.159237,0.159237,0.159237,0.159237,0.159237,0.159237,0.159237,0.159237,}

CLUSTER-15{size: 31 , centroid: 0.586795,0.564478,0.571656,0.571656,0.571656,0.571656,0.571656,0.571656,0.571656,0.571656,0.571656,0.571656,0.571656,0.535827,0.571656,0.571656,0.571656,0.571656,0.571656,0.571656,0.571656,0.571656,0.571656,0.571656,0.571656,0.571656,0.571656,0.571656,0.575637,0.575637,0.571656,0.571656,0.571656,0.571656,0.575637,0.575637,0.575637,0.571656,0.571656,0.571656,0.575637,0.571656,0.571656,0.575637,0.571656,0.575637,0.575637,0.575637,0.571656,0.571656,0.571656,0.571656,0.575637,0.535827,0.571656,0.571656,0.575637,0.571656,0.575637,0.571656,0.571656,0.575637,0.575637,0.571656,0.571656,0.571656,0.571656,0.535827,0.571656,0.571656,0.575637,0.571656,0.571656,0.571656,0.571656,0.571656,0.571656,0.571656,0.575637,0.571656,0.571656,0.571656,0.575637,0.571656,0.575637,0.575637,0.571656,0.571656,0.571656,0.575637,0.571656,0.575637,0.571656,0.575637,0.575637,0.571656,0.575637,0.571656,0.571656,0.571656,}

CLUSTER-16{size: 20 , centroid: 0.147226,0.251904,0.224623,0.228018,0.224623,0.224623,0.224623,0.228018,0.224623,0.224623,0.224623,0.224623,0.224623,0.228018,0.224623,0.224623,0.224623,0.224623,0.224623,0.224623,0.224623,0.228018,0.192368,0.228018,0.224623,0.224623,0.228018,0.224623,0.224623,0.224623,0.224623,0.224623,0.224623,0.228018,0.224623,0.224623,0.210081,0.224623,0.224623,0.224623,0.228018,0.224623,0.228018,0.224623,0.224623,0.248991,0.231723,0.228018,0.224623,0.224623,0.224623,0.224623,0.224623,0.224623,0.228018,0.235109,0.192368,0.224623,0.232192,0.224623,0.224623,0.218911,0.224623,0.224623,0.224623,0.224623,0.224623,0.224623,0.224623,0.228018,0.224623,0.224623,0.232192,0.232192,0.228018,0.224623,0.232192,0.228018,0.224623,0.224623,0.224623,0.224623,0.230019,0.224623,0.228018,0.224623,0.224623,0.224154,0.224623,0.224623,0.224623,0.228018,0.224623,0.224623,0.224623,0.228018,0.224623,0.224623,0.224623,0.224623,}

CLUSTER-17{size: 3 , centroid: 1.44517,0.655817,0.257947,0.405926,0.331937,0.308469,0.257947,0.405926,0.343619,0.308469,0.343619,0.364692,0.343619,0.264004,0.405926,0.343619,0.343619,0.331937,0.343619,0.343619,0.343619,0.343619,0.343619,0.257947,0.343619,0.308469,0.331937,0.331937,0.558433,0.400301,0.343619,0.343619,0.257947,0.257947,0.169965,0.214429,0.118454,0.451662,0.343619,0.343619,0.257947,0.308469,0.405926,0.169965,0.343619,0.158282,0.558433,0.252322,0.343619,0.343619,0.343619,0.343619,0.439979,0.264004,0.24958,0.343619,0.343619,0.343619,0.331937,0.343619,0.343619,0.311887,0.343619,0.343619,0.343619,0.343619,0.343619,0.252322,0.343619,0.439979,0.264004,0.343619,0.257947,0.343619,0.343619,0.343619,0.343619,0.331937,0.343619,0.343619,0.343619,0.451662,0.331937,0.343619,0.257947,0.331937,0.343619,0.343619,0.296786,0.247644,0.343619,0.326311,0.343619,0.343619,0.405926,0.405926,0.237897,0.343619,0.259326,0.343619,}

CLUSTER-18{size: 34 , centroid: 0.40815,0.421029,0.421029,0.426981,0.421029,0.421029,0.421029,0.421029,0.421029,0.421029,0.421029,0.421029,0.421029,0.421029,0.421029,0.421029,0.421029,0.421029,0.421029,0.421029,0.421029,0.421029,0.421029,0.421029,0.421029,0.421029,0.421029,0.421029,0.426981,0.421029,0.421029,0.421029,0.421029,0.421029,0.421029,0.421029,0.421029,0.421029,0.421029,0.421029,0.433071,0.421029,0.421029,0.421029,0.421029,0.421029,0.421029,0.409126,0.421029,0.421029,0.421029,0.421029,0.421029,0.421029,0.421029,0.421029,0.421029,0.421029,0.421029,0.421029,0.421029,0.421029,0.421029,0.421029,0.421029,0.421029,0.421029,0.421029,0.421029,0.421029,0.421029,0.421029,0.421029,0.421029,0.421029,0.421029,0.421029,0.421029,0.421867,0.421029,0.421029,0.421029,0.421029,0.421029,0.421029,0.421029,0.421029,0.421029,0.421029,0.421029,0.421029,0.421029,0.421029,0.421029,0.421029,0.421029,0.421029,0.421029,0.421029,0.421029,}

CLUSTER-19{size: 26 , centroid: 0.807062,0.807062,0.807062,0.807062,0.807062,0.807062,0.807062,0.807062,0.807062,0.807062,0.807062,0.807062,0.807062,0.807062,0.807062,0.807062,0.807062,0.807062,0.807062,0.807062,0.807062,0.807062,0.807062,0.807062,0.807062,0.807062,0.807062,0.807062,0.807062,0.807062,0.807062,0.807062,0.807062,0.807062,0.807062,0.807062,0.807062,0.807062,0.807062,0.807062,0.807062,0.807062,0.807062,0.807062,0.807062,0.807062,0.807062,0.807062,0.807062,0.807062,0.807062,0.807062,0.807062,0.807062,0.807062,0.807062,0.807062,0.807062,0.807062,0.807062,0.807062,0.807062,0.807062,0.807062,0.807062,0.807062,0.807062,0.807062,0.807062,0.807062,0.807062,0.807062,0.807062,0.807062,0.807062,0.807062,0.807062,0.807062,0.807062,0.807062,0.807062,0.807062,0.807062,0.807062,0.807062,0.807062,0.807062,0.807062,0.807062,0.807062,0.807062,0.807062,0.807062,0.807062,0.807062,0.807062,0.807062,0.807062,0.807062,0.807062,}

CLUSTER-20{size: 10 , centroid: -0.686919,-0.686919,-0.686919,-0.686919,-0.686919,-0.686919,-0.686919,-0.686919,-0.686919,-0.686919,-0.686919,-0.686919,-0.686919,-0.686919,-0.686919,-0.686919,-0.686919,-0.686919,-0.686919,-0.686919,-0.686919,-0.686919,-0.686919,-0.686919,-0.686919,-0.686919,-0.686919,-0.686919,-0.686919,-0.686919,-0.686919,-0.686919,-0.686919,-0.686919,-0.686919,-0.686919,-0.686919,-0.686919,-0.686919,-0.686919,-0.686919,-0.686919,-0.686919,-0.686919,-0.686919,-0.686919,-0.686919,-0.686919,-0.686919,-0.686919,-0.686919,-0.686919,-0.686919,-0.686919,-0.686919,-0.686919,-0.686919,-0.686919,-0.686919,-0.686919,-0.686919,-0.686919,-0.686919,-0.686919,-0.686919,-0.686919,-0.686919,-0.686919,-0.686919,-0.686919,-0.686919,-0.686919,-0.686919,-0.686919,-0.686919,-0.686919,-0.686919,-0.686919,-0.686919,-0.686919,-0.686919,-0.686919,-0.686919,-0.686919,-0.686919,-0.686919,-0.686919,-0.686919,-0.686919,-0.686919,-0.686919,-0.686919,-0.686919,-0.686919,-0.686919,-0.686919,-0.686919,-0.686919,-0.686919,-0.686919,}

CLUSTER-21{size: 43 , centroid: 0.335204,0.360419,0.340197,0.340197,0.324716,0.341237,0.340197,0.332559,0.340197,0.340197,0.332353,0.340197,0.340197,0.340197,0.340197,0.340197,0.332559,0.340197,0.337157,0.332353,0.340197,0.340197,0.332442,0.340197,0.341237,0.340197,0.340197,0.340197,0.357061,0.340197,0.342569,0.340197,0.340197,0.340197,0.337042,0.347774,0.344734,0.342569,0.340197,0.340197,0.340197,0.340197,0.340197,0.344679,0.347816,0.339967,0.355729,0.340197,0.340197,0.340197,0.340197,0.340197,0.343768,0.340197,0.344768,0.335185,0.340197,0.324734,0.340197,0.343292,0.352579,0.361659,0.357061,0.340197,0.324716,0.340197,0.332353,0.340197,0.340197,0.341237,0.344679,0.332559,0.340197,0.340197,0.340197,0.332559,0.332559,0.350295,0.340197,0.324615,0.340197,0.332559,0.341639,0.340286,0.340197,0.337042,0.340197,0.340197,0.344768,0.337042,0.332353,0.344679,0.340197,0.350317,0.332353,0.340197,0.351494,0.332353,0.332353,0.340197,}

CLUSTER-22{size: 0 , centroid: -1.02002,0,-0.191178,-0.191178,-0.191178,-0.191178,-0.191178,-0.191178,-0.191178,-0.191178,-0.191178,-0.191178,-0.191178,-0.191178,-0.191178,-0.191178,-0.191178,-0.191178,-0.191178,-0.191178,-0.191178,-0.191178,-0.191178,-0.191178,-0.191178,-0.191178,-0.191178,-0.191178,-0.191178,-0.191178,-0.191178,-0.191178,-0.191178,-0.191178,0,-0.191178,-0.421464,-0.191178,-0.191178,-0.191178,-0.191178,-0.191178,-0.191178,-0.191178,-0.191178,0,-0.191178,-0.191178,-0.191178,-0.361158,-0.191178,-0.191178,-0.191178,-0.191178,-0.191178,-0.191178,-0.191178,-0.191178,-0.191178,-0.191178,-0.191178,-0.191178,0.273213,-0.191178,-0.191178,-0.191178,-0.191178,-0.191178,-0.191178,-0.191178,-0.191178,-0.191178,-0.191178,-0.191178,-0.191178,-0.191178,-0.191178,-0.191178,-0.191178,-0.191178,-0.191178,-0.191178,-0.191178,-0.191178,-0.191178,-0.191178,-0.191178,-0.191178,-0.191178,-0.191178,-0.191178,-0.191178,-0.191178,-0.191178,0,-0.191178,-0.191178,-0.191178,-0.191178,-0.191178,}

CLUSTER-23{size: 12 , centroid: -0.722529,-0.722529,-0.722529,-0.722529,-0.722529,-0.722529,-0.722529,-0.722529,-0.722529,-0.722529,-0.722529,-0.722529,-0.722529,-0.722529,-0.722529,-0.722529,-0.722529,-0.722529,-0.722529,-0.722529,-0.722529,-0.722529,-0.722529,-0.722529,-0.722529,-0.722529,-0.722529,-0.722529,-0.722529,-0.722529,-0.722529,-0.722529,-0.722529,-0.722529,-0.722529,-0.722529,-0.722529,-0.722529,-0.722529,-0.722529,-0.722529,-0.722529,-0.722529,-0.722529,-0.722529,-0.722529,-0.722529,-0.722529,-0.722529,-0.722529,-0.722529,-0.722529,-0.722529,-0.722529,-0.722529,-0.722529,-0.722529,-0.722529,-0.722529,-0.722529,-0.722529,-0.722529,-0.722529,-0.722529,-0.722529,-0.722529,-0.722529,-0.722529,-0.722529,-0.722529,-0.722529,-0.722529,-0.722529,-0.722529,-0.722529,-0.722529,-0.722529,-0.722529,-0.722529,-0.722529,-0.722529,-0.722529,-0.722529,-0.722529,-0.722529,-0.722529,-0.722529,-0.722529,-0.722529,-0.722529,-0.722529,-0.722529,-0.722529,-0.722529,-0.722529,-0.722529,-0.722529,-0.722529,-0.722529,-0.722529,}

CLUSTER-24{size: 19 , centroid: -0.444027,-0.446745,-0.446745,-0.446745,-0.446745,-0.446745,-0.446745,-0.446745,-0.446745,-0.446745,-0.446745,-0.446745,-0.446745,-0.446745,-0.446745,-0.446745,-0.446745,-0.446745,-0.446745,-0.446745,-0.446745,-0.446745,-0.446745,-0.446745,-0.446745,-0.446745,-0.446745,-0.446745,-0.446745,-0.446745,-0.446745,-0.446745,-0.446745,-0.446745,-0.446745,-0.446745,-0.449462,-0.446745,-0.446745,-0.446745,-0.446745,-0.446745,-0.446745,-0.446745,-0.446745,-0.446745,-0.446745,-0.446745,-0.446745,-0.446745,-0.446745,-0.446745,-0.446745,-0.446745,-0.446745,-0.446745,-0.446745,-0.446745,-0.446745,-0.446745,-0.446745,-0.446745,-0.446745,-0.446745,-0.446745,-0.446745,-0.446745,-0.446745,-0.446745,-0.446745,-0.446745,-0.446745,-0.446745,-0.446745,-0.446745,-0.446745,-0.446745,-0.446745,-0.446745,-0.446745,-0.446745,-0.446745,-0.446745,-0.446745,-0.446745,-0.446745,-0.446745,-0.446745,-0.446745,-0.446745,-0.446745,-0.446745,-0.446745,-0.446745,-0.446745,-0.446745,-0.446745,-0.446745,-0.446745,-0.446745,}

CLUSTER-25{size: 15 , centroid: 0.853383,0.853383,0.853383,0.853383,0.853383,0.853383,0.853383,0.853383,0.853383,0.853383,0.853383,0.853383,0.853383,0.853383,0.853383,0.853383,0.853383,0.853383,0.853383,0.853383,0.853383,0.853383,0.853383,0.853383,0.853383,0.853383,0.853383,0.853383,0.853383,0.853383,0.853383,0.853383,0.853383,0.853383,0.853383,0.853383,0.870322,0.853383,0.853383,0.853383,0.853383,0.853383,0.853383,0.853383,0.853383,0.853383,0.853383,0.853383,0.853383,0.853383,0.853383,0.853383,0.853383,0.853383,0.853383,0.853383,0.853383,0.853383,0.853383,0.853383,0.853383,0.853383,0.853383,0.853383,0.853383,0.853383,0.853383,0.853383,0.853383,0.853383,0.853383,0.853383,0.853383,0.853383,0.853383,0.853383,0.853383,0.853383,0.853383,0.853383,0.853383,0.853383,0.836443,0.853383,0.853383,0.853383,0.853383,0.853383,0.853383,0.853383,0.853383,0.853383,0.853383,0.853383,0.853383,0.853383,0.853383,0.853383,0.853383,0.853383,}

CLUSTER-26{size: 30 , centroid: 0.499375,0.494076,0.494076,0.494076,0.494076,0.494076,0.494076,0.494076,0.494076,0.494076,0.494076,0.494076,0.494076,0.494076,0.494076,0.494076,0.494076,0.494076,0.494076,0.494076,0.494076,0.494076,0.494076,0.494076,0.494076,0.494076,0.494076,0.494076,0.494076,0.494076,0.487725,0.494076,0.494076,0.494076,0.494076,0.499375,0.489828,0.494076,0.494076,0.494076,0.494076,0.494076,0.494076,0.494076,0.494076,0.494076,0.494076,0.494076,0.494076,0.494076,0.494076,0.494076,0.494076,0.494076,0.494076,0.494076,0.494076,0.494076,0.494076,0.494076,0.494076,0.494076,0.494076,0.494076,0.494076,0.494076,0.494076,0.494076,0.494076,0.494076,0.494076,0.494076,0.494076,0.494076,0.494076,0.494076,0.494076,0.494076,0.494076,0.494076,0.494076,0.494076,0.494076,0.494076,0.494076,0.494076,0.494076,0.494076,0.494076,0.494076,0.494076,0.494076,0.494076,0.494076,0.494076,0.494076,0.494076,0.494076,0.494076,0.494076,}

CLUSTER-27{size: 22 , centroid: -0.593336,-0.59935,-0.59935,-0.59935,-0.59935,-0.59935,-0.59935,-0.59935,-0.59935,-0.59935,-0.59935,-0.59935,-0.59935,-0.59935,-0.59935,-0.59935,-0.59935,-0.59935,-0.59935,-0.59935,-0.59935,-0.59935,-0.606983,-0.59935,-0.59935,-0.59935,-0.59935,-0.59935,-0.59935,-0.59935,-0.59935,-0.59935,-0.59935,-0.59935,-0.59935,-0.59935,-0.606983,-0.59935,-0.59935,-0.59935,-0.590099,-0.59935,-0.59935,-0.59935,-0.59935,-0.59935,-0.59935,-0.59935,-0.59935,-0.59935,-0.59935,-0.59935,-0.59935,-0.59935,-0.59935,-0.59935,-0.59935,-0.59935,-0.59935,-0.59935,-0.59935,-0.59935,-0.59935,-0.59935,-0.59935,-0.59935,-0.59935,-0.59935,-0.59935,-0.59935,-0.59935,-0.59935,-0.59935,-0.59935,-0.59935,-0.59935,-0.59935,-0.59935,-0.59935,-0.59935,-0.59935,-0.59935,-0.59935,-0.59935,-0.59935,-0.59935,-0.59935,-0.59935,-0.59935,-0.59935,-0.59935,-0.59935,-0.59935,-0.59935,-0.59935,-0.59935,-0.59935,-0.59935,-0.59935,-0.59935,}

CLUSTER-28{size: 26 , centroid: 0.722643,0.722643,0.722643,0.722643,0.722643,0.722643,0.722643,0.722643,0.722643,0.722643,0.722643,0.722643,0.722643,0.722643,0.722643,0.722643,0.722643,0.722643,0.722643,0.722643,0.722643,0.722643,0.722643,0.722643,0.722643,0.722643,0.722643,0.722643,0.722643,0.722643,0.722643,0.722643,0.722643,0.722643,0.722643,0.722643,0.722643,0.722643,0.722643,0.722643,0.722643,0.722643,0.722643,0.722643,0.722643,0.722643,0.722643,0.722643,0.722643,0.722643,0.722643,0.722643,0.722643,0.722643,0.722643,0.722643,0.722643,0.722643,0.722643,0.722643,0.722643,0.722643,0.722643,0.722643,0.722643,0.722643,0.722643,0.722643,0.722643,0.722643,0.722643,0.722643,0.722643,0.722643,0.722643,0.722643,0.722643,0.722643,0.722643,0.722643,0.722643,0.722643,0.722643,0.722643,0.722643,0.722643,0.722643,0.722643,0.722643,0.722643,0.722643,0.722643,0.722643,0.722643,0.722643,0.722643,0.722643,0.722643,0.722643,0.722643,}

CLUSTER-29{size: 0 , centroid: 2.11188,2.11188,0.55154,0.55154,0.55154,0.55154,0.55154,0.55154,0.55154,0.55154,0.55154,0.55154,0.55154,0,0.55154,0.55154,0.55154,0.670478,0.55154,0.55154,0.55154,0.670478,0,0.55154,0.55154,0.55154,0.55154,1.36125,2.11188,0,0.55154,0.55154,0.55154,0.55154,0,0.690775,1.36125,0.75063,0.55154,0.55154,0,0.55154,0.55154,1.36125,0.55154,0,1.42111,0.690775,0.55154,0.55154,0.55154,0.55154,0.75063,0,0.55154,0.55154,0.55154,0.55154,0.55154,0,0,0.55154,0.670478,0.55154,0,0.55154,0.55154,0,0.55154,0.75063,0,0.55154,0,0.55154,0.55154,0.55154,0,0,0.55154,0.670478,0.55154,0.75063,0.55154,0.55154,0.55154,0,0.55154,0.55154,0.690775,0.55154,0.55154,0.670478,0.55154,0,0.55154,0.690775,0.55154,0.55154,0,0.55154,}

CLUSTER-30{size: 0 , centroid: 0.458831,0.458831,0.8157,0.8157,0.458831,0.917663,0.8157,0.8157,0.8157,0.917663,0.458831,0.8157,0.8157,0.8157,0.8157,0.8157,0.8157,0.8157,0.8157,0.8157,0.8157,0.8157,0.8157,0.8157,0.8157,0.8157,0.8157,0.8157,0.458831,0.8157,0.8157,0.8157,0.8157,0.8157,0.458831,0.458831,0.458831,0.458831,0.8157,0.917663,0.8157,0.917663,0.8157,0.458831,0.8157,0.458831,0.8157,0.8157,0.917663,0.8157,0.8157,0.8157,0.458831,1.37649,0.458831,0.917663,0.8157,1.37649,0.458831,0.8157,1.37649,0.458831,0.458831,0.8157,0.8157,0.8157,0.917663,1.37649,1.37649,1.37649,0.8157,0.8157,0.8157,1.37649,1.37649,0.8157,1.37649,0.8157,0.8157,0.8157,0.8157,0.8157,0.8157,0.8157,1.37649,0.8157,0.8157,0.8157,0.8157,0.8157,0.8157,0.8157,0.917663,0.8157,0.8157,0.8157,0.458831,0.8157,0.458831,0.8157,}

CLUSTER-31{size: 23 , centroid: 0.540988,0.519712,0.526823,0.528047,0.528047,0.528047,0.528047,0.528047,0.528047,0.522465,0.528047,0.528047,0.528047,0.528047,0.526823,0.528047,0.528047,0.526823,0.528047,0.528047,0.526823,0.528047,0.526823,0.528047,0.528047,0.528047,0.528047,0.519712,0.528047,0.528047,0.528047,0.528047,0.526823,0.528047,0.540988,0.528047,0.540988,0.526823,0.528047,0.528047,0.528047,0.528047,0.526823,0.540988,0.526823,0.528047,0.519712,0.528047,0.528047,0.528047,0.526823,0.519712,0.528047,0.528047,0.528047,0.528047,0.528047,0.528047,0.528047,0.528047,0.528047,0.540988,0.526823,0.528047,0.528047,0.528047,0.526823,0.528047,0.528047,0.528047,0.528047,0.528047,0.539212,0.528047,0.528047,0.528047,0.528047,0.528047,0.528047,0.528047,0.528047,0.528047,0.519712,0.528047,0.528047,0.528047,0.528047,0.528047,0.528047,0.528047,0.528047,0.528047,0.528047,0.528047,0.528047,0.519712,0.528047,0.528047,0.522465,0.528047,}

CLUSTER-32{size: 20 , centroid: 0.778191,0.784858,0.778191,0.778191,0.778191,0.778191,0.778191,0.778191,0.778191,0.778191,0.778191,0.778191,0.778191,0.778191,0.778191,0.778191,0.778191,0.778191,0.778191,0.778191,0.778191,0.778191,0.778191,0.778191,0.778191,0.778191,0.778191,0.778191,0.778191,0.778191,0.771525,0.778191,0.778191,0.778191,0.778191,0.778191,0.778191,0.778191,0.778191,0.778191,0.778191,0.778191,0.778191,0.778191,0.778191,0.778191,0.778191,0.778191,0.778191,0.778191,0.778191,0.778191,0.778191,0.778191,0.778191,0.778191,0.778191,0.778191,0.778191,0.778191,0.778191,0.778191,0.778191,0.778191,0.778191,0.778191,0.778191,0.778191,0.778191,0.778191,0.778191,0.778191,0.778191,0.778191,0.778191,0.778191,0.778191,0.778191,0.778191,0.778191,0.778191,0.778191,0.778191,0.778191,0.778191,0.778191,0.778191,0.778191,0.778191,0.778191,0.778191,0.778191,0.778191,0.778191,0.778191,0.778191,0.778191,0.778191,0.778191,0.778191,}

CLUSTER-33{size: 1 , centroid: 1.46001,0.627711,0.613833,0.613833,0.613833,0.613833,0.613833,0.613833,0.613833,0.613833,0.613833,0.613833,0.613833,0.613833,0.613833,0.613833,0.613833,0.613833,0.613833,0.613833,0.613833,0.613833,0.613833,0.613833,0.613833,0.613833,0.613833,0.613833,0.315059,0.613833,0.613833,0.613833,0.613833,0.613833,0,0.662296,0.277648,0.613833,0.613833,0.613833,0.613833,0.613833,0.613833,0.613833,0.613833,0.613833,0.613833,0.613833,0.613833,0.613833,0.613833,0.613833,0.613833,0.613833,0.613833,0.613833,0.613833,0.613833,0.613833,0.613833,0.613833,0.602207,0.965729,0.613833,0.613833,0.613833,0.613833,0.613833,0.613833,0.613833,0.613833,0.613833,0.613833,0.613833,0.613833,0.613833,0.613833,0.613833,0.613833,0.613833,0.613833,0.613833,0.613833,0.613833,0.613833,0.613833,0.613833,0.613833,0.613833,0.613833,0.613833,0.613833,0.613833,0.613833,0.613833,0.613833,0.613833,0.613833,0.613833,0.613833,}

CLUSTER-34{size: 40 , centroid: 0.197561,0.207364,0.202462,0.202462,0.202462,0.202462,0.202462,0.202462,0.202462,0.202462,0.202462,0.202462,0.202462,0.202462,0.202462,0.202462,0.202462,0.202462,0.202462,0.202462,0.202462,0.202462,0.202462,0.202462,0.202462,0.202462,0.202462,0.202462,0.202462,0.202462,0.202462,0.202462,0.202462,0.202462,0.202462,0.202462,0.202462,0.202462,0.202462,0.202462,0.202462,0.202462,0.202462,0.202462,0.202462,0.197322,0.202462,0.202462,0.202462,0.202462,0.202462,0.202462,0.202462,0.202462,0.202462,0.207602,0.202462,0.202462,0.202462,0.202462,0.202462,0.202462,0.202462,0.202462,0.202462,0.202462,0.202462,0.202462,0.202462,0.202462,0.202462,0.202462,0.202462,0.202462,0.202462,0.202462,0.202462,0.202462,0.202462,0.202462,0.202462,0.202462,0.202462,0.202462,0.202462,0.202462,0.202462,0.202462,0.202462,0.202462,0.202462,0.202462,0.202462,0.202462,0.202462,0.202462,0.202462,0.202462,0.202462,0.202462,}

CLUSTER-35{size: 12 , centroid: -1.02687,-1.02059,-0.94383,-0.97125,-0.97125,-0.97125,-0.97125,-0.94383,-0.97125,-0.959009,-0.97125,-0.94383,-0.97125,-0.959009,-0.97125,-0.97125,-0.97125,-0.97125,-0.949302,-0.97125,-0.97125,-0.97125,-0.97125,-0.97125,-0.94383,-0.97125,-0.97125,-0.989366,-0.950341,-1.0349,-0.949302,-0.959009,-0.94383,-0.97125,-0.959009,-1.00247,-1.06612,-0.94383,-0.97125,-0.978565,-0.959009,-0.97125,-0.97125,-0.959009,-0.97125,-1.00783,-0.989366,-0.97125,-0.97125,-0.97125,-0.97125,-0.97125,-0.932225,-0.97125,-0.97125,-0.97125,-1.06526,-0.97125,-0.97125,-0.97125,-0.97125,-0.919984,-1.00247,-0.97125,-0.97125,-0.97125,-0.97125,-0.97125,-0.97125,-0.97125,-0.97125,-0.97125,-0.959009,-0.959009,-0.97125,-0.97125,-0.959009,-0.97125,-0.97125,-0.959009,-0.97125,-0.97125,-0.980698,-0.97125,-0.94383,-0.94383,-0.97125,-0.964962,-0.97125,-0.97125,-0.97125,-0.989366,-0.97125,-0.959009,-0.97125,-0.97125,-0.97125,-0.959009,-0.97125,-0.97125,}

CLUSTER-36{size: 27 , centroid: 0.259091,0.268189,0.250109,0.250109,0.268824,0.250109,0.250109,0.250109,0.254647,0.250109,0.259727,0.254647,0.241011,0.250109,0.253152,0.254647,0.254647,0.254647,0.250109,0.281875,0.266788,0.250109,0.271868,0.241011,0.253152,0.250109,0.253152,0.254647,0.214714,0.253152,0.253152,0.241011,0.250109,0.250109,0.223811,0.223652,0.243242,0.250109,0.250109,0.250109,0.254647,0.250109,0.253152,0.223652,0.250109,0.251802,0.237288,0.250109,0.250109,0.250109,0.250109,0.250109,0.244737,0.250109,0.23275,0.250109,0.250109,0.259727,0.253152,0.250109,0.250109,0.268189,0.240198,0.254647,0.271868,0.250109,0.271868,0.241011,0.250109,0.250109,0.237288,0.250109,0.24117,0.250109,0.241597,0.241011,0.250109,0.250109,0.250109,0.271868,0.241011,0.241011,0.223652,0.266788,0.250109,0.26074,0.250109,0.266788,0.23275,0.23275,0.259727,0.23275,0.250109,0.23275,0.268824,0.254647,0.214714,0.268824,0.268824,0.250109,}

CLUSTER-37{size: 48 , centroid: -0.284408,-0.289616,-0.287542,-0.287542,-0.287542,-0.287542,-0.287542,-0.279762,-0.287542,-0.287542,-0.287542,-0.287542,-0.287542,-0.287542,-0.287542,-0.287542,-0.287542,-0.287542,-0.287542,-0.287542,-0.287542,-0.287542,-0.287542,-0.287542,-0.287542,-0.287542,-0.287542,-0.287542,-0.287542,-0.287542,-0.28338,-0.287542,-0.287542,-0.287542,-0.287542,-0.287542,-0.287542,-0.287542,-0.287542,-0.287542,-0.291433,-0.287542,-0.287542,-0.287542,-0.287542,-0.287542,-0.287542,-0.287542,-0.287542,-0.293922,-0.287542,-0.287542,-0.287542,-0.287542,-0.287542,-0.287542,-0.287542,-0.287542,-0.287542,-0.287542,-0.287542,-0.290276,-0.287542,-0.287542,-0.287542,-0.287542,-0.287542,-0.287542,-0.287542,-0.287542,-0.287542,-0.287542,-0.287542,-0.287542,-0.287542,-0.287542,-0.287542,-0.287542,-0.287542,-0.287542,-0.287542,-0.287542,-0.287542,-0.287542,-0.287542,-0.287542,-0.287542,-0.287542,-0.287542,-0.287542,-0.287542,-0.287542,-0.287542,-0.287542,-0.287542,-0.287542,-0.287542,-0.287542,-0.287542,-0.287542,}

CLUSTER-38{size: 27 , centroid: -0.321135,-0.329497,-0.329005,-0.329005,-0.329005,-0.329005,-0.329394,-0.329005,-0.329005,-0.329005,-0.329005,-0.329005,-0.329005,-0.329005,-0.329005,-0.329005,-0.329005,-0.317252,-0.329005,-0.329005,-0.329005,-0.329005,-0.329005,-0.329005,-0.329005,-0.329005,-0.329005,-0.329005,-0.329005,-0.329005,-0.329005,-0.329005,-0.329005,-0.336065,-0.332769,-0.329005,-0.317444,-0.329005,-0.329005,-0.329394,-0.329005,-0.329005,-0.329005,-0.329005,-0.329005,-0.329005,-0.329005,-0.329005,-0.329005,-0.329005,-0.329005,-0.329005,-0.329005,-0.329005,-0.329005,-0.317033,-0.329005,-0.329394,-0.329005,-0.329005,-0.329005,-0.336704,-0.329005,-0.329005,-0.329005,-0.329005,-0.329005,-0.329394,-0.329005,-0.329005,-0.329005,-0.329005,-0.329005,-0.329005,-0.329005,-0.329005,-0.329005,-0.329005,-0.329394,-0.329005,-0.329005,-0.329005,-0.336704,-0.329005,-0.329005,-0.329005,-0.329005,-0.329005,-0.336065,-0.329005,-0.336065,-0.329394,-0.329005,-0.329005,-0.329005,-0.329005,-0.329005,-0.329005,-0.329005,-0.329005,}

CLUSTER-39{size: 12 , centroid: 0.690775,0.690775,0.690775,0.690775,0.690775,0.690775,0.690775,0.690775,0.690775,0.690775,0.690775,0.690775,0.690775,0.690775,0.690775,0.690775,0.690775,0.690775,0.690775,0.690775,0.690775,0.690775,0.690775,0.690775,0.690775,0.690775,0.690775,0.690775,0.690775,0.690775,0.690775,0.690775,0.690775,0.690775,0.690775,0.690775,0.690775,0.690775,0.690775,0.690775,0.690775,0.690775,0.690775,0.690775,0.690775,0.690775,0.690775,0.690775,0.690775,0.690775,0.690775,0.690775,0.690775,0.690775,0.690775,0.690775,0.690775,0.690775,0.690775,0.690775,0.690775,0.690775,0.690775,0.690775,0.690775,0.690775,0.690775,0.690775,0.690775,0.690775,0.690775,0.690775,0.690775,0.690775,0.690775,0.690775,0.690775,0.690775,0.690775,0.690775,0.690775,0.690775,0.690775,0.690775,0.690775,0.690775,0.690775,0.690775,0.690775,0.690775,0.690775,0.690775,0.690775,0.690775,0.690775,0.690775,0.690775,0.690775,0.690775,0.690775,}

CLUSTER-40{size: 11 , centroid: 0.784468,0.784468,0.784468,0.784468,0.784468,0.784468,0.784468,0.784468,0.784468,0.784468,0.784468,0.784468,0.784468,0.784468,0.784468,0.784468,0.784468,0.784468,0.784468,0.784468,0.784468,0.784468,0.784468,0.784468,0.784468,0.784468,0.784468,0.784468,0.784468,0.784468,0.784468,0.784468,0.784468,0.784468,0.784468,0.784468,0.784468,0.784468,0.784468,0.784468,0.784468,0.784468,0.784468,0.784468,0.784468,0.784468,0.784468,0.784468,0.784468,0.784468,0.784468,0.784468,0.784468,0.784468,0.784468,0.784468,0.784468,0.784468,0.784468,0.784468,0.784468,0.784468,0.784468,0.784468,0.784468,0.784468,0.784468,0.784468,0.784468,0.784468,0.784468,0.784468,0.784468,0.784468,0.784468,0.784468,0.784468,0.784468,0.784468,0.784468,0.784468,0.784468,0.784468,0.784468,0.784468,0.784468,0.784468,0.784468,0.784468,0.784468,0.784468,0.784468,0.784468,0.784468,0.784468,0.784468,0.784468,0.784468,0.784468,0.784468,}

CLUSTER-41{size: 12 , centroid: 0.719054,0.709438,0.709438,0.709438,0.709438,0.709438,0.709438,0.709438,0.709438,0.709438,0.709438,0.709438,0.709438,0.709438,0.709438,0.709438,0.709438,0.709438,0.709438,0.709438,0.709438,0.709438,0.709438,0.709438,0.709438,0.709438,0.709438,0.709438,0.709438,0.709438,0.709438,0.709438,0.709438,0.709438,0.709438,0.709438,0.699823,0.709438,0.709438,0.709438,0.709438,0.709438,0.709438,0.709438,0.709438,0.709438,0.709438,0.709438,0.709438,0.709438,0.709438,0.709438,0.709438,0.709438,0.709438,0.709438,0.709438,0.709438,0.709438,0.709438,0.709438,0.709438,0.709438,0.709438,0.709438,0.709438,0.709438,0.709438,0.709438,0.709438,0.709438,0.709438,0.709438,0.709438,0.709438,0.709438,0.709438,0.709438,0.709438,0.709438,0.709438,0.709438,0.709438,0.709438,0.709438,0.709438,0.709438,0.709438,0.709438,0.709438,0.709438,0.709438,0.709438,0.709438,0.709438,0.709438,0.709438,0.709438,0.709438,0.709438,}

CLUSTER-42{size: 33 , centroid: 0.777121,0.777121,0.76268,0.76268,0.76268,0.76268,0.76268,0.76268,0.76268,0.76268,0.76268,0.76268,0.76268,0.76268,0.76268,0.76268,0.76268,0.76268,0.76268,0.76268,0.76268,0.758741,0.76268,0.76268,0.76268,0.76268,0.76268,0.76268,0.758741,0.758741,0.76268,0.76268,0.76268,0.76268,0.758741,0.758741,0.758741,0.76268,0.76268,0.76268,0.76268,0.758741,0.76268,0.777121,0.76268,0.76268,0.758741,0.76268,0.76268,0.76268,0.76268,0.76268,0.76268,0.76268,0.76268,0.76268,0.76268,0.76268,0.758741,0.76268,0.76268,0.76268,0.76268,0.76268,0.76268,0.76268,0.76268,0.76268,0.76268,0.76268,0.76268,0.76268,0.758741,0.76268,0.76268,0.76268,0.76268,0.76268,0.76268,0.76268,0.76268,0.76268,0.76268,0.76268,0.76268,0.758741,0.76268,0.76268,0.76268,0.76268,0.76268,0.76268,0.76268,0.76268,0.76268,0.76268,0.76268,0.76268,0.76268,0.76268,}

CLUSTER-43{size: 36 , centroid: 1.50494,1.33191,1.46178,1.46178,1.46178,1.46178,1.46178,1.46178,1.46178,1.46617,1.46178,1.46178,1.46178,1.46178,1.46178,1.46178,1.46178,1.46178,1.46178,1.44137,1.46178,1.46178,1.46178,1.46178,1.46178,1.46178,1.46178,1.46178,1.46178,1.46178,1.46178,1.46178,1.46178,1.46178,1.46178,1.49267,1.46027,1.46178,1.46178,1.46178,1.46178,1.46178,1.46178,1.45007,1.46178,1.46178,1.46846,1.46178,1.46178,1.46178,1.46178,1.46178,1.46178,1.46178,1.46178,1.46178,1.46178,1.46178,1.46178,1.50083,1.46178,1.46178,1.46178,1.46178,1.46178,1.46178,1.46178,1.50107,1.46178,1.46178,1.46178,1.46178,1.46178,1.46178,1.46178,1.46178,1.46178,1.46178,1.46178,1.46178,1.46178,1.46178,1.46178,1.46178,1.46178,1.46178,1.46178,1.46178,1.46178,1.46178,1.46178,1.46178,1.46178,1.46178,1.46178,1.46178,1.46178,1.46178,1.46178,1.46178,}

CLUSTER-44{size: 55 , centroid: 0.469722,0.461424,0.456934,0.458174,0.458174,0.458174,0.458174,0.456934,0.458174,0.458174,0.461424,0.458174,0.458174,0.458174,0.457981,0.458174,0.456934,0.458174,0.458174,0.456934,0.458174,0.458174,0.457981,0.456934,0.458174,0.458174,0.458174,0.457981,0.457981,0.464799,0.457981,0.458174,0.457981,0.458174,0.456934,0.456934,0.453126,0.457981,0.458174,0.458174,0.458174,0.457981,0.458174,0.458174,0.456934,0.458174,0.456809,0.458174,0.458174,0.458174,0.457981,0.458174,0.458174,0.458174,0.457981,0.465002,0.458174,0.456934,0.456809,0.458174,0.456934,0.458174,0.457981,0.458174,0.458174,0.461424,0.456934,0.458174,0.458174,0.458174,0.458174,0.458174,0.456809,0.456809,0.458174,0.456934,0.463433,0.458174,0.458174,0.458174,0.458174,0.456675,0.458174,0.458174,0.457981,0.458174,0.458174,0.457981,0.458174,0.458174,0.456934,0.458174,0.458174,0.458174,0.458174,0.458174,0.45005,0.458174,0.456934,0.458174,}

CLUSTER-45{size: 20 , centroid: 0.680738,0.680738,0.680738,0.680738,0.680738,0.680738,0.680738,0.680738,0.680738,0.680738,0.680738,0.680738,0.680738,0.680738,0.680738,0.680738,0.680738,0.680738,0.687293,0.680738,0.680738,0.680738,0.680738,0.680738,0.680738,0.680738,0.680738,0.680738,0.680738,0.680738,0.680738,0.680738,0.680738,0.680738,0.680738,0.680738,0.680738,0.680738,0.680738,0.680738,0.680738,0.680738,0.680738,0.680738,0.680738,0.680738,0.680738,0.680738,0.680738,0.680738,0.680738,0.680738,0.680738,0.680738,0.680738,0.680738,0.680738,0.680738,0.680738,0.680738,0.680738,0.680738,0.680738,0.680738,0.680738,0.680738,0.680738,0.680738,0.680738,0.680738,0.680738,0.680738,0.680738,0.680738,0.680738,0.680738,0.680738,0.680738,0.680738,0.674184,0.680738,0.680738,0.680738,0.680738,0.680738,0.680738,0.680738,0.680738,0.680738,0.680738,0.680738,0.680738,0.680738,0.680738,0.680738,0.680738,0.680738,0.680738,0.680738,0.680738,}

CLUSTER-46{size: 23 , centroid: -0.367202,-0.355816,-0.371299,-0.371299,-0.371299,-0.371299,-0.371299,-0.371299,-0.371299,-0.371299,-0.371299,-0.371299,-0.371299,-0.371299,-0.371299,-0.371299,-0.371299,-0.371299,-0.371299,-0.371299,-0.371299,-0.371299,-0.371299,-0.371299,-0.371299,-0.371299,-0.361469,-0.371299,-0.371299,-0.371299,-0.380858,-0.371299,-0.371299,-0.371299,-0.371299,-0.371299,-0.368369,-0.371299,-0.371299,-0.371299,-0.371299,-0.378999,-0.371299,-0.371299,-0.371299,-0.371299,-0.371299,-0.371299,-0.371299,-0.371299,-0.371299,-0.371299,-0.371299,-0.371299,-0.371299,-0.371299,-0.371299,-0.363599,-0.371299,-0.371299,-0.371299,-0.371299,-0.37904,-0.371299,-0.371299,-0.371299,-0.371299,-0.371299,-0.381128,-0.371299,-0.371299,-0.371299,-0.371299,-0.371299,-0.371299,-0.371299,-0.371299,-0.371299,-0.371299,-0.371299,-0.371299,-0.371299,-0.371299,-0.371299,-0.371299,-0.371299,-0.371299,-0.371299,-0.371299,-0.371299,-0.371299,-0.371299,-0.371299,-0.371299,-0.371299,-0.371299,-0.371299,-0.371299,-0.376507,-0.371299,}

CLUSTER-47{size: 9 , centroid: 0.743038,0.743038,0.743038,0.743038,0.743038,0.743038,0.743038,0.743038,0.743038,0.743038,0.743038,0.743038,0.743038,0.743038,0.743038,0.743038,0.743038,0.743038,0.743038,0.743038,0.743038,0.743038,0.743038,0.743038,0.743038,0.743038,0.743038,0.743038,0.743038,0.743038,0.743038,0.743038,0.743038,0.743038,0.743038,0.743038,0.743038,0.743038,0.743038,0.743038,0.743038,0.743038,0.743038,0.743038,0.743038,0.743038,0.743038,0.743038,0.743038,0.743038,0.743038,0.743038,0.743038,0.743038,0.743038,0.743038,0.743038,0.743038,0.743038,0.743038,0.743038,0.743038,0.743038,0.743038,0.743038,0.743038,0.743038,0.743038,0.743038,0.743038,0.743038,0.743038,0.743038,0.743038,0.743038,0.743038,0.743038,0.743038,0.743038,0.743038,0.743038,0.743038,0.743038,0.743038,0.743038,0.743038,0.743038,0.743038,0.743038,0.743038,0.743038,0.743038,0.743038,0.743038,0.743038,0.743038,0.743038,0.743038,0.743038,0.743038,}

CLUSTER-48{size: 3 , centroid: 0.765998,0.275191,0.437309,0.437309,0.437309,0.437309,0.437309,0.437309,0.437309,0.437309,0.437309,0.437309,0.437309,0.437309,0.437309,0.385275,0.437309,0.437309,0.437309,0.437309,0.437309,0.437309,0.437309,0.437309,0.437309,0.437309,0.437309,0.437309,0.385275,0.327201,0.437309,0.437309,0.437309,0.437309,0.437309,0.437309,0.659883,0.437309,0.437309,0.437309,0.437309,0.437309,0.437309,0.385275,0.437309,0.418978,0.437309,0.385275,0.437309,0.437309,0.437309,0.437309,0.437309,0.385275,0.437309,0.437309,0.437309,0.437309,0.437309,0.437309,0.437309,0.385275,0.437309,0.437309,0.437309,0.437309,0.437309,0.328813,0.437309,0.437309,0.437309,0.597306,0.437309,0.437309,0.437309,0.437309,0.437309,0.437309,0.437309,0.437309,0.437309,0.437309,0.437309,0.437309,0.437309,0.437309,0.437309,0.437309,0.437309,0.437309,0.437309,0.437309,0.437309,0.437309,0.437309,0.437309,0.437309,0.437309,0.437309,0.437309,}

CLUSTER-49{size: 31 , centroid: 0.483581,0.477057,0.477057,0.477057,0.477057,0.477057,0.477057,0.477057,0.477057,0.477057,0.477057,0.477057,0.477057,0.477057,0.477057,0.477057,0.477057,0.477057,0.477057,0.477057,0.477057,0.477057,0.477057,0.477057,0.477057,0.477057,0.477057,0.477057,0.477057,0.477057,0.477057,0.477057,0.477057,0.477057,0.477057,0.488184,0.477057,0.477057,0.477057,0.477057,0.477057,0.477057,0.477057,0.46593,0.477057,0.477057,0.477057,0.477057,0.477057,0.470533,0.477057,0.477057,0.477057,0.477057,0.477057,0.477057,0.477057,0.477057,0.477057,0.477057,0.477057,0.477057,0.477057,0.477057,0.477057,0.477057,0.477057,0.477057,0.477057,0.477057,0.477057,0.477057,0.477057,0.477057,0.477057,0.477057,0.477057,0.477057,0.477057,0.477057,0.477057,0.477057,0.477057,0.477057,0.477057,0.477057,0.477057,0.477057,0.477057,0.477057,0.477057,0.477057,0.477057,0.477057,0.477057,0.477057,0.477057,0.477057,0.477057,0.477057,}

CLUSTER-50{size: 72 , centroid: 0.433899,0.443006,0.440404,0.440404,0.440404,0.440404,0.440404,0.440404,0.440404,0.440404,0.440404,0.440404,0.440404,0.440404,0.440404,0.440404,0.440404,0.440404,0.440404,0.440404,0.440404,0.440404,0.440404,0.440404,0.440404,0.440404,0.440404,0.440404,0.440404,0.440404,0.440404,0.440404,0.440404,0.440404,0.440404,0.440404,0.439892,0.440404,0.440404,0.440404,0.440404,0.440404,0.440404,0.440404,0.440404,0.440404,0.440404,0.440404,0.440404,0.440404,0.440404,0.440404,0.440404,0.440404,0.442727,0.440404,0.440404,0.440404,0.440404,0.440404,0.440404,0.440404,0.442494,0.440404,0.440404,0.438853,0.440404,0.440404,0.440404,0.441954,0.440404,0.440404,0.440404,0.440404,0.440404,0.440404,0.440404,0.440404,0.440404,0.440404,0.440404,0.440404,0.440404,0.440404,0.440404,0.440404,0.440404,0.440404,0.440404,0.440404,0.440404,0.440404,0.440404,0.440404,0.440404,0.440404,0.440404,0.440404,0.440404,0.440404,}

CLUSTER-51{size: 33 , centroid: 0.880335,0.880335,0.880335,0.880335,0.880335,0.880335,0.880335,0.880335,0.880335,0.880335,0.880335,0.880335,0.880335,0.880335,0.880335,0.880335,0.880335,0.880335,0.880335,0.880335,0.880335,0.880335,0.880335,0.880335,0.926416,0.880335,0.880335,0.880335,0.880335,0.880335,0.879541,0.880335,0.880335,0.880335,0.880335,0.880335,0.880335,0.880335,0.880335,0.880335,0.880335,0.880335,0.880335,0.880335,0.880335,0.880335,0.880335,0.880335,0.880335,0.880335,0.880335,0.880335,0.880335,0.880335,0.880335,0.880335,0.880335,0.880335,0.880335,0.880335,0.880335,0.880335,0.880335,0.880335,0.880335,0.880335,0.880335,0.880335,0.880335,0.880335,0.880335,0.835048,0.880335,0.880335,0.880335,0.880335,0.880335,0.880335,0.880335,0.880335,0.880335,0.880335,0.880335,0.880335,0.880335,0.880335,0.880335,0.880335,0.880335,0.880335,0.880335,0.880335,0.880335,0.880335,0.880335,0.880335,0.880335,0.880335,0.880335,0.880335,}

CLUSTER-52{size: 24 , centroid: -0.157583,-0.134229,-0.144307,-0.140347,-0.140347,-0.140347,-0.144307,-0.140347,-0.140347,-0.140347,-0.140347,-0.140347,-0.140347,-0.140347,-0.140347,-0.140347,-0.140347,-0.140347,-0.140347,-0.140347,-0.140347,-0.140347,-0.140347,-0.140347,-0.140347,-0.140347,-0.140347,-0.140347,-0.140347,-0.140347,-0.144307,-0.140347,-0.140347,-0.140347,-0.140347,-0.140347,-0.141708,-0.140347,-0.140347,-0.140347,-0.140347,-0.140347,-0.144307,-0.140347,-0.140347,-0.140347,-0.140347,-0.140347,-0.140347,-0.140347,-0.140347,-0.144307,-0.113863,-0.140347,-0.140347,-0.140347,-0.140347,-0.140347,-0.140347,-0.140347,-0.140347,-0.140347,-0.140347,-0.140347,-0.144307,-0.140347,-0.140347,-0.127673,-0.140347,-0.140347,-0.140347,-0.140347,-0.140347,-0.140347,-0.140347,-0.140347,-0.140347,-0.140347,-0.140347,-0.140347,-0.140347,-0.140347,-0.144307,-0.140347,-0.140347,-0.140347,-0.140347,-0.140347,-0.140347,-0.144307,-0.140347,-0.140347,-0.140347,-0.140347,-0.140347,-0.140347,-0.140347,-0.135347,-0.140347,-0.140347,}

CLUSTER-53{size: 35 , centroid: 0.26844,0.266694,0.273854,0.273854,0.273854,0.273854,0.273854,0.273854,0.273854,0.273854,0.273854,0.273854,0.273854,0.273854,0.273854,0.273854,0.273854,0.273854,0.273854,0.273854,0.273854,0.273854,0.273854,0.273854,0.273854,0.273854,0.273854,0.273854,0.273854,0.273854,0.281595,0.273854,0.273854,0.273854,0.278731,0.273854,0.273854,0.273854,0.273854,0.273854,0.273854,0.273854,0.273854,0.273854,0.273854,0.278731,0.273854,0.273854,0.273854,0.273854,0.273854,0.273854,0.273854,0.264099,0.273854,0.266001,0.273854,0.273854,0.273854,0.273854,0.273854,0.281386,0.273854,0.273854,0.273854,0.273854,0.273854,0.273854,0.273854,0.273854,0.273854,0.273854,0.273854,0.273854,0.273854,0.273854,0.273854,0.273854,0.273854,0.273854,0.273854,0.273854,0.273854,0.273854,0.273854,0.273854,0.273854,0.273854,0.273854,0.273854,0.273854,0.273854,0.273854,0.273854,0.273854,0.273854,0.273854,0.273854,0.279007,0.273854,}

CLUSTER-54{size: 0 , centroid: 0.875734,0.381819,0.209592,0.209592,0.209592,0.209592,0.209592,0.209592,0.209592,0.209592,0.209592,0.209592,0.209592,0.209592,0.209592,0.209592,0.209592,0.209592,0.209592,0.209592,0.209592,0.209592,0.209592,0.209592,0.209592,0.209592,0.209592,0.209592,0.209592,0.209592,0.209592,0.209592,0.209592,0.209592,0.209592,0,0,0.209592,0.209592,0.209592,0.209592,0.209592,0.209592,0.209592,0.209592,0.209592,0.209592,0.209592,0.209592,0.209592,0.209592,0.209592,0.209592,0.209592,0.209592,0.209592,0.209592,0.209592,0.209592,0.209592,0.209592,0.209592,0.209592,0.209592,0.209592,0.209592,0.209592,0.209592,0.209592,0.209592,0.209592,0.209592,0.209592,0.209592,0.209592,0.209592,0.209592,0.209592,0.209592,0.209592,0.209592,0.209592,0.209592,0.209592,0.209592,0.209592,0.209592,0.209592,0.209592,0.209592,0.209592,0.209592,0.209592,0.209592,0.209592,0.209592,0,0.209592,0,0.209592,}

CLUSTER-55{size: 25 , centroid: 0.0450439,-0.014847,-0.0304227,-0.0304227,-0.0304227,-0.0304227,-0.0304227,-0.0304227,-0.0304227,-0.0351283,-0.0304227,-0.0304227,-0.0304227,-0.0304227,-0.0304227,-0.0304227,-0.0304227,-0.0304227,-0.0304227,-0.0304227,-0.0304227,-0.0304227,-0.0304227,-0.0304227,-0.0304227,-0.0304227,-0.0304227,-0.0304227,-0.0294488,-0.0304227,-0.0382828,-0.0304227,-0.0304227,-0.0304227,-0.0334,-0.023268,-0.0517295,-0.0304227,-0.0304227,-0.0304227,-0.0304227,-0.0304227,-0.0304227,-0.0603786,-0.0304227,-0.030239,-0.0304227,-0.0304227,-0.0304227,-0.0304227,-0.0304227,-0.0304227,-0.0294488,-0.0304227,-0.030239,-0.0304227,-0.0304227,-0.0304227,-0.0304227,-0.0304227,-0.0304227,-0.0329625,-0.030239,-0.0304227,-0.030239,-0.0304227,-0.0304227,-0.0304227,-0.0304227,-0.0304227,-0.0304227,-0.0304227,-0.0304227,-0.0296324,-0.0304227,-0.0296324,-0.0304227,-0.0304227,-0.0304227,-0.0304227,-0.0304227,-0.0304227,-0.0322147,-0.0304227,-0.0304227,-0.0302039,-0.04543,-0.0304227,-0.0296324,-0.0304227,-0.0304227,-0.0304227,-0.0304227,-0.0304227,-0.0304227,-0.0304227,-0.0485368,-0.0304227,-0.0296324,-0.0304227,}

CLUSTER-56{size: 20 , centroid: 0.844332,0.844332,0.844332,0.844332,0.844332,0.844332,0.844332,0.844332,0.844332,0.844332,0.844332,0.844332,0.844332,0.844332,0.844332,0.844332,0.844332,0.838654,0.844332,0.844332,0.844332,0.844332,0.844332,0.844332,0.844332,0.844332,0.844332,0.844332,0.844332,0.844332,0.844332,0.844332,0.844332,0.844332,0.844332,0.844332,0.844332,0.844332,0.844332,0.844332,0.844332,0.844332,0.829863,0.844332,0.844332,0.844332,0.844332,0.844332,0.844332,0.844332,0.844332,0.844332,0.844332,0.844332,0.844332,0.844332,0.844332,0.844332,0.844332,0.844332,0.844332,0.844332,0.844332,0.844332,0.844332,0.844332,0.844332,0.864479,0.844332,0.844332,0.844332,0.844332,0.844332,0.844332,0.844332,0.844332,0.844332,0.844332,0.844332,0.844332,0.844332,0.844332,0.844332,0.844332,0.844332,0.844332,0.844332,0.844332,0.844332,0.844332,0.844332,0.844332,0.844332,0.844332,0.844332,0.844332,0.844332,0.844332,0.844332,0.844332,}

CLUSTER-57{size: 23 , centroid: 0.897496,0.875549,0.916437,0.916437,0.916437,0.916437,0.916437,0.916437,0.916437,0.916437,0.916437,0.916437,0.916437,0.916437,0.916437,0.916437,0.916437,0.916437,0.916437,0.916437,0.916437,0.916437,0.916437,0.916437,0.916437,0.916437,0.916437,0.916437,0.916437,0.916437,0.916437,0.916437,0.916437,0.916437,0.916437,0.976267,0.916437,0.916437,0.916437,0.916437,0.916437,0.916437,0.916437,0.916437,0.916437,0.916437,0.916437,0.916437,0.916437,0.916437,0.916437,0.916437,0.916437,0.916437,0.916437,0.916437,0.916437,0.916437,0.916437,0.916437,0.916437,0.916437,0.916437,0.916437,0.916437,0.916437,0.916437,0.916437,0.916437,0.916437,0.916437,0.916437,0.916437,0.916437,0.916437,0.916437,0.916437,0.916437,0.916437,0.916437,0.916437,0.916437,0.916437,0.916437,0.916437,0.916437,0.916437,0.916437,0.916437,0.916437,0.916437,0.916437,0.916437,0.916437,0.916437,0.916437,0.916437,0.916437,0.916437,0.916437,}

CLUSTER-58{size: 1 , centroid: -0.163564,0.640542,0.313832,0.313832,0.313832,0.313832,0.313832,0.445143,0.313832,0.313832,0.313832,0.159201,0.313832,0.313832,0.313832,0.313832,0.313832,0.313832,0.345541,0.313832,0.313832,0.313832,0.313832,0.313832,0.313832,0.345541,0.19091,0.159201,0.391871,0.560198,0.313832,0.313832,0.345541,0.313832,0.313832,1.23578,0.379417,0.345541,0.313832,0.313832,0.154631,0.313832,0.313832,0.379417,0.313832,0.154631,0.345541,0.313832,0.313832,0.313832,0.313832,0.313832,0,0.345541,0.313832,0.313832,0.313832,0.313832,0.313832,0.313832,0.313832,0.313832,0.313832,0.313832,0.313832,0.313832,0.313832,0.313832,0.313832,0.313832,0.313832,0.345541,0.345541,0.313832,0.313832,0.313832,0.313832,0.313832,0.48987,0.313832,0.313832,0.313832,0.313832,0.313832,0.313832,0.159201,0.345541,0.313832,0.313832,0.154631,0.313832,0.313832,0.345541,0.313832,0.313832,0.313832,0,0.154631,0.313832,0.313832,}

CLUSTER-59{size: 18 , centroid: 0.700349,0.700349,0.700349,0.700349,0.700349,0.700349,0.700349,0.700349,0.700349,0.700349,0.700349,0.700349,0.700349,0.700349,0.700349,0.700349,0.700349,0.700349,0.700349,0.700349,0.700349,0.700349,0.700349,0.700349,0.700349,0.700349,0.700349,0.700349,0.700349,0.700349,0.700349,0.700349,0.700349,0.700349,0.700349,0.700349,0.700349,0.700349,0.700349,0.700349,0.700349,0.700349,0.700349,0.700349,0.700349,0.700349,0.700349,0.700349,0.700349,0.700349,0.700349,0.700349,0.700349,0.700349,0.700349,0.700349,0.700349,0.700349,0.700349,0.700349,0.700349,0.700349,0.700349,0.700349,0.700349,0.700349,0.700349,0.700349,0.700349,0.700349,0.700349,0.700349,0.700349,0.700349,0.700349,0.700349,0.700349,0.700349,0.700349,0.700349,0.700349,0.700349,0.700349,0.700349,0.700349,0.700349,0.700349,0.700349,0.700349,0.700349,0.700349,0.700349,0.700349,0.700349,0.700349,0.700349,0.700349,0.700349,0.700349,0.700349,}

CLUSTER-60{size: 5 , centroid: 0.510607,0.510607,0.202719,0.202719,0.202719,0.202719,0.202719,0.202719,0.180898,0.202719,0.202719,0.202719,0.202719,0.0327312,0.180898,0.202719,0.202719,0.202719,0.202719,0.202719,0.180898,0.202719,0.143394,0.202719,0.202719,0.202719,0.202719,0.11378,0,0.0998497,0.202719,0.202719,0.180898,0.202719,0.510607,0.510607,0.510607,0.180898,0.202719,0.202719,0.143394,0.202719,0.180898,0,0.202719,0.0327312,0,0.510607,0.202719,0.202719,0.202719,0.202719,0.0327312,0.121671,0.202719,0.180898,0.180898,0.202719,0.180898,0.143394,0.121573,0.202719,0.180898,0.202719,0.510607,0.202719,0.180898,0.0327312,0.202719,0.202719,0,0.180898,0.143394,0.202719,0.510607,0.202719,0.121573,0.143394,0.180898,0.180898,0.510607,0.143394,0.202719,0.180898,0.202719,0.143394,0.202719,0.202719,0.0810487,0.202719,0.202719,0.0327312,0.510607,0.143394,0.202719,0.202719,0.202719,0.202719,0.143394,0.202719,}

CLUSTER-61{size: 5 , centroid: -0.690261,-0.690261,-0.659042,-0.659042,-0.659042,-0.659042,-0.659042,-0.659042,-0.659042,-0.659042,-0.659042,-0.659042,-0.659042,-0.659042,-0.659042,-0.659042,-0.659042,-0.659042,-0.659042,-0.659042,-0.659042,-0.659042,-0.659042,-0.659042,-0.659042,-0.659042,-0.659042,-0.659042,-0.620017,-0.659042,-0.659042,-0.659042,-0.659042,-0.659042,-0.659042,-0.690261,-0.690261,-0.659042,-0.659042,-0.659042,-0.659042,-0.659042,-0.659042,-0.659042,-0.659042,-0.659042,-0.659042,-0.659042,-0.659042,-0.659042,-0.659042,-0.659042,-0.620017,-0.659042,-0.659042,-0.659042,-0.659042,-0.659042,-0.659042,-0.659042,-0.659042,-0.620017,-0.690261,-0.659042,-0.659042,-0.659042,-0.659042,-0.659042,-0.659042,-0.659042,-0.659042,-0.659042,-0.659042,-0.659042,-0.659042,-0.659042,-0.659042,-0.659042,-0.659042,-0.659042,-0.659042,-0.659042,-0.620017,-0.659042,-0.659042,-0.659042,-0.659042,-0.659042,-0.659042,-0.659042,-0.659042,-0.659042,-0.659042,-0.659042,-0.659042,-0.659042,-0.659042,-0.659042,-0.659042,-0.659042,}

CLUSTER-62{size: 0 , centroid: 0.624893,0.624893,0.843643,0.843643,0.843643,0.843643,0.843643,0.843643,0.843643,0.843643,0.843643,0.843643,0.843643,0.843643,0.843643,0.843643,0.843643,0.843643,0.843643,0.843643,0.843643,0.843643,0.843643,0.843643,0.843643,0.843643,0.843643,0.843643,0.843643,0.843643,0.843643,0.843643,0.624893,0.843643,0.843643,0.843643,0.843643,0.843643,0.843643,0.843643,0.843643,0.843643,0.843643,0.843643,0.843643,0.843643,0.843643,0.843643,0.843643,0.843643,0.843643,0.843643,0.843643,0.843643,0.843643,0.843643,0.843643,0.843643,0.843643,0.843643,0.843643,1.49989,0.843643,0.843643,0.843643,0.843643,0.843643,0.843643,0.843643,0.843643,0.843643,0.843643,0.843643,0.843643,0.843643,0.843643,0.843643,0.843643,0.843643,0.843643,0.843643,0.843643,0.843643,0.843643,0.843643,0.843643,0.843643,0.843643,0.843643,0.843643,0.843643,0.843643,0.843643,0.843643,0.843643,0.843643,0.843643,0.843643,0.843643,0.843643,}

CLUSTER-63{size: 15 , centroid: -0.154345,-0.0748132,-0.0835649,-0.0734601,-0.0734601,-0.0694181,-0.0734601,-0.0734601,-0.0734601,-0.0734601,-0.0734601,-0.0734601,-0.0734601,-0.0734601,-0.0734601,-0.0734601,-0.0734601,-0.0734601,-0.0734601,-0.0684018,-0.0734601,-0.0835649,-0.0734601,-0.0734601,-0.0734601,-0.0734601,-0.0734601,-0.0734601,-0.0734601,-0.0734601,-0.0798204,-0.0734601,-0.0734601,-0.0734601,-0.0461391,-0.0662011,-0.0400101,-0.0734601,-0.0734601,-0.0734601,-0.0734601,-0.0734601,-0.0734601,-0.0734601,-0.0734601,-0.17507,-0.0734601,-0.0734601,-0.0734601,-0.0734601,-0.0734601,-0.0694181,-0.0413549,-0.0734601,-0.0329861,-0.0734601,-0.0734601,-0.0694181,-0.0684018,-0.0672174,-0.0734601,-0.0684018,-0.0785067,-0.0734601,-0.0712593,-0.0734601,-0.0684018,-0.0734601,-0.0734601,-0.0734601,-0.0734601,-0.0734601,-0.0734601,-0.0734601,-0.0694181,-0.0734601,-0.0734601,-0.0734601,-0.0556343,-0.0734601,-0.0734601,-0.0734601,-0.0694181,-0.0694181,-0.0734601,-0.0694181,-0.0734601,-0.0712593,-0.0734601,-0.0734601,-0.0734601,-0.0734601,-0.0734601,-0.0734601,-0.0756003,-0.0734601,-0.0734601,-0.0734601,-0.0734601,-0.0734601,}

CLUSTER-64{size: 4 , centroid: 0.618161,0.23406,0.244907,0.244907,0.244907,0.244907,0.244907,0.244907,0.244907,0.244907,0.244907,0.244907,0.244907,0.244907,0.244907,0.244907,0.244907,0.244907,0.244907,0.244907,0.244907,0.244907,0.244907,0.244907,0.244907,0.244907,0.244907,0.244907,0.198776,0.122614,0.244907,0.244907,0.244907,0.244907,0.318651,0.23406,0.31025,0.244907,0.244907,0.244907,0.194177,0.244907,0.244907,0.183331,0.244907,0.23406,0.23406,0.244907,0.244907,0.244907,0.244907,0.244907,0.244907,0.244907,0.244907,0.244907,0.244907,0.244907,0.244907,0.244907,0.244907,0.194177,0.290367,0.244907,0.244907,0.244907,0.244907,0.244907,0.244907,0.244907,0.244907,0.244907,0.244907,0.244907,0.199024,0.244907,0.244907,0.244907,0.244907,0.193846,0.244907,0.244907,0.244907,0.244907,0.244907,0.209623,0.244907,0.244907,0.194177,0.244907,0.244907,0.244907,0.244907,0.244907,0.244907,0.244907,0.244907,0.244907,0.244907,0.244907,}

CLUSTER-65{size: 35 , centroid: 0.822674,0.822674,0.822674,0.822674,0.822674,0.822674,0.822674,0.822674,0.822674,0.822674,0.822674,0.822674,0.822674,0.822674,0.822674,0.822674,0.822674,0.822674,0.822674,0.822674,0.822674,0.822674,0.822674,0.822674,0.822674,0.822674,0.822674,0.822674,0.822674,0.822674,0.822674,0.822674,0.822674,0.822674,0.822674,0.822674,0.822674,0.822674,0.822674,0.822674,0.822674,0.822674,0.822674,0.822674,0.822674,0.822674,0.822674,0.822674,0.822674,0.822674,0.822674,0.822674,0.822674,0.822674,0.822674,0.822674,0.822674,0.822674,0.822674,0.822674,0.822674,0.822674,0.822674,0.822674,0.822674,0.822674,0.822674,0.822674,0.822674,0.822674,0.822674,0.822674,0.822674,0.822674,0.822674,0.822674,0.822674,0.822674,0.822674,0.822674,0.822674,0.822674,0.822674,0.822674,0.822674,0.822674,0.822674,0.822674,0.822674,0.822674,0.822674,0.822674,0.822674,0.822674,0.822674,0.822674,0.822674,0.822674,0.822674,0.822674,}

CLUSTER-66{size: 11 , centroid: 0.75063,0.75063,0.75063,0.75063,0.75063,0.75063,0.75063,0.75063,0.75063,0.75063,0.75063,0.75063,0.75063,0.75063,0.75063,0.75063,0.75063,0.75063,0.75063,0.75063,0.75063,0.75063,0.75063,0.75063,0.75063,0.75063,0.75063,0.75063,0.75063,0.75063,0.75063,0.75063,0.75063,0.75063,0.75063,0.75063,0.75063,0.75063,0.75063,0.75063,0.75063,0.75063,0.75063,0.75063,0.75063,0.75063,0.75063,0.75063,0.75063,0.75063,0.75063,0.75063,0.75063,0.75063,0.75063,0.75063,0.75063,0.75063,0.75063,0.75063,0.75063,0.75063,0.75063,0.75063,0.75063,0.75063,0.75063,0.75063,0.75063,0.75063,0.75063,0.75063,0.75063,0.75063,0.75063,0.75063,0.75063,0.75063,0.75063,0.75063,0.75063,0.75063,0.75063,0.75063,0.75063,0.75063,0.75063,0.75063,0.75063,0.75063,0.75063,0.75063,0.75063,0.75063,0.75063,0.75063,0.75063,0.75063,0.75063,0.75063,}

CLUSTER-67{size: 14 , centroid: 0.951717,0.917722,0.946672,0.946672,0.946672,0.946672,0.946672,0.946672,0.946672,0.946672,0.946672,0.946672,0.946672,0.946672,0.946672,0.946672,0.946672,0.946672,0.946672,0.946672,0.946672,0.946672,0.946672,0.946672,0.946672,0.946672,0.946672,0.946672,0.946672,0.946672,0.946672,0.946672,0.946672,0.946672,0.946672,0.946672,0.946672,0.946672,0.946672,0.946672,0.946672,0.946672,0.946672,0.946672,0.946672,0.970578,0.946672,0.946672,0.946672,0.946672,0.946672,0.946672,0.946672,0.946672,0.946672,0.946672,0.946672,0.946672,0.946672,0.946672,0.946672,0.946672,0.946672,0.946672,0.946672,0.946672,0.946672,0.946672,0.946672,0.946672,0.946672,0.946672,0.946672,0.946672,0.946672,0.946672,0.946672,0.946672,0.946672,0.946672,0.946672,0.946672,0.946672,0.946672,0.946672,0.946672,0.946672,0.946672,0.946672,0.946672,0.946672,0.946672,0.946672,0.946672,0.946672,0.946672,0.946672,0.946672,0.946672,0.946672,}

CLUSTER-68{size: 22 , centroid: -0.828086,-0.828086,-0.828086,-0.828086,-0.828086,-0.828086,-0.828086,-0.828086,-0.828086,-0.828086,-0.828086,-0.828086,-0.828086,-0.828086,-0.828086,-0.828086,-0.828086,-0.828086,-0.828086,-0.828086,-0.828086,-0.828086,-0.828086,-0.828086,-0.828086,-0.828086,-0.828086,-0.828086,-0.828086,-0.828086,-0.828086,-0.828086,-0.828086,-0.828086,-0.828086,-0.828086,-0.828086,-0.828086,-0.828086,-0.828086,-0.828086,-0.828086,-0.828086,-0.828086,-0.828086,-0.828086,-0.828086,-0.828086,-0.828086,-0.828086,-0.828086,-0.828086,-0.828086,-0.828086,-0.828086,-0.828086,-0.828086,-0.828086,-0.828086,-0.828086,-0.828086,-0.828086,-0.828086,-0.828086,-0.828086,-0.828086,-0.828086,-0.828086,-0.828086,-0.828086,-0.828086,-0.828086,-0.828086,-0.828086,-0.828086,-0.828086,-0.828086,-0.828086,-0.828086,-0.828086,-0.828086,-0.828086,-0.828086,-0.828086,-0.828086,-0.828086,-0.828086,-0.828086,-0.828086,-0.828086,-0.828086,-0.828086,-0.828086,-0.828086,-0.828086,-0.828086,-0.828086,-0.828086,-0.828086,-0.828086,}

CLUSTER-69{size: 16 , centroid: 0.83997,0.83311,0.83311,0.83311,0.83311,0.83311,0.83311,0.83311,0.83311,0.83311,0.83311,0.83311,0.83311,0.83311,0.83311,0.83311,0.83311,0.83311,0.83311,0.83311,0.83311,0.83311,0.83311,0.83311,0.83311,0.83311,0.83311,0.83311,0.83311,0.83311,0.83311,0.83311,0.83311,0.83311,0.83311,0.83311,0.82625,0.83311,0.83311,0.83311,0.83311,0.83311,0.83311,0.83311,0.83311,0.83311,0.83311,0.83311,0.83311,0.83311,0.83311,0.83311,0.83311,0.83311,0.83311,0.83311,0.83311,0.83311,0.83311,0.83311,0.83311,0.83311,0.83311,0.83311,0.83311,0.83311,0.83311,0.83311,0.83311,0.83311,0.83311,0.83311,0.83311,0.83311,0.83311,0.83311,0.83311,0.83311,0.83311,0.83311,0.83311,0.83311,0.83311,0.83311,0.83311,0.83311,0.83311,0.83311,0.83311,0.83311,0.83311,0.83311,0.83311,0.83311,0.83311,0.83311,0.83311,0.83311,0.83311,0.83311,}

CLUSTER-70{size: 42 , centroid: 0.616281,0.603485,0.604885,0.599142,0.604885,0.604885,0.604885,0.604885,0.604885,0.604885,0.604885,0.604885,0.604885,0.604885,0.604885,0.604885,0.604885,0.604885,0.604885,0.604885,0.604885,0.604885,0.604885,0.604885,0.599889,0.604885,0.604885,0.604885,0.604885,0.604885,0.605485,0.604885,0.604885,0.604885,0.604885,0.603485,0.609229,0.604885,0.604885,0.604885,0.604885,0.604885,0.604885,0.604885,0.604885,0.603485,0.604885,0.604885,0.604885,0.604885,0.604885,0.604885,0.604885,0.604885,0.604885,0.604885,0.604885,0.604885,0.604885,0.604885,0.604885,0.604885,0.604885,0.604885,0.604885,0.604885,0.604885,0.604885,0.604885,0.604885,0.604885,0.604885,0.604885,0.604885,0.604885,0.604885,0.604885,0.604885,0.604885,0.604885,0.604885,0.604885,0.604885,0.604885,0.604885,0.604885,0.604885,0.604885,0.604885,0.604885,0.604885,0.604885,0.604885,0.604885,0.604885,0.604885,0.603485,0.604885,0.604885,0.604885,}

CLUSTER-71{size: 37 , centroid: 0.154394,0.131169,0.138834,0.138834,0.138834,0.138834,0.138834,0.138834,0.138834,0.138834,0.138834,0.138834,0.138834,0.138834,0.138834,0.138834,0.138834,0.138834,0.138834,0.13494,0.138834,0.138834,0.138834,0.138834,0.138834,0.138834,0.138834,0.134971,0.142728,0.138834,0.134971,0.138834,0.138834,0.138834,0.140078,0.135239,0.134644,0.138834,0.138834,0.138834,0.138834,0.138834,0.138834,0.138834,0.138834,0.135541,0.138834,0.138834,0.138834,0.138834,0.138834,0.138834,0.138834,0.138834,0.138834,0.138834,0.138834,0.138834,0.138834,0.138834,0.138834,0.140078,0.131396,0.138834,0.138834,0.138834,0.135239,0.138834,0.138834,0.138834,0.138834,0.138834,0.138834,0.138834,0.138834,0.138834,0.138834,0.138834,0.142429,0.138834,0.138834,0.138834,0.138834,0.138834,0.138834,0.138834,0.138834,0.138834,0.142124,0.138834,0.151405,0.138834,0.138834,0.138834,0.138834,0.138834,0.138834,0.138834,0.138834,0.138834,}

CLUSTER-72{size: 2 , centroid: -0.670478,-0.670478,-0.670478,-0.670478,-0.670478,-0.670478,-0.670478,-0.670478,-0.670478,-0.670478,-0.670478,-0.670478,-0.670478,-0.670478,-0.670478,-0.670478,-0.670478,-0.670478,-0.670478,-0.670478,-0.670478,-0.670478,-0.670478,-0.670478,-0.670478,-0.670478,-0.670478,-0.670478,-0.670478,-0.670478,-0.670478,-0.670478,-0.670478,-0.670478,-0.670478,-0.670478,-0.670478,-0.670478,-0.670478,-0.670478,-0.670478,-0.670478,-0.670478,-0.670478,-0.670478,-0.670478,-0.670478,-0.670478,-0.670478,-0.670478,-0.670478,-0.670478,-0.670478,-0.670478,-0.670478,-0.670478,-0.670478,-0.670478,-0.670478,-0.670478,-0.670478,-0.670478,-0.670478,-0.670478,-0.670478,-0.670478,-0.670478,-0.670478,-0.670478,-0.670478,-0.670478,-0.670478,-0.670478,-0.670478,-0.670478,-0.670478,-0.670478,-0.670478,-0.670478,-0.670478,-0.670478,-0.670478,-0.670478,-0.670478,-0.670478,-0.670478,-0.670478,-0.670478,-0.670478,-0.670478,-0.670478,-0.670478,-0.670478,-0.670478,-0.670478,-0.670478,-0.670478,-0.670478,-0.670478,-0.670478,}

CLUSTER-73{size: 119 , centroid: 0.393903,0.397043,0.396168,0.396168,0.396168,0.396168,0.396168,0.396168,0.396168,0.396168,0.396168,0.396168,0.396168,0.396168,0.396168,0.396168,0.396168,0.396168,0.396168,0.396168,0.396168,0.396168,0.396168,0.396168,0.396168,0.396168,0.396168,0.396168,0.396168,0.396168,0.396168,0.396168,0.396168,0.396168,0.396168,0.396168,0.396602,0.396168,0.396168,0.396168,0.396168,0.396168,0.396168,0.396168,0.396168,0.396168,0.396168,0.396168,0.396168,0.396168,0.396168,0.396168,0.396168,0.396168,0.396168,0.396168,0.396168,0.396168,0.396828,0.396168,0.396168,0.396168,0.396168,0.396168,0.396168,0.396168,0.396168,0.397926,0.396168,0.396168,0.396168,0.396168,0.396168,0.396168,0.396168,0.396168,0.396168,0.396168,0.396168,0.396168,0.396168,0.396168,0.396168,0.396168,0.394551,0.396168,0.396168,0.396168,0.396168,0.396168,0.395508,0.394551,0.396168,0.396168,0.396168,0.396168,0.401991,0.396168,0.392778,0.396168,}

CLUSTER-74{size: 14 , centroid: -0.293293,-0.241168,-0.249704,-0.249704,-0.249704,-0.249704,-0.249704,-0.249704,-0.249704,-0.249704,-0.249704,-0.249704,-0.249704,-0.249704,-0.249704,-0.249704,-0.249704,-0.249704,-0.249704,-0.249704,-0.249704,-0.249704,-0.249704,-0.249704,-0.249704,-0.249704,-0.249704,-0.249704,-0.249704,-0.249704,-0.249704,-0.249704,-0.249704,-0.249704,-0.249704,-0.249704,-0.251952,-0.249704,-0.249704,-0.249704,-0.249704,-0.249704,-0.249704,-0.249704,-0.249704,-0.249704,-0.249704,-0.249704,-0.249704,-0.249704,-0.249704,-0.249704,-0.273696,-0.249704,-0.249704,-0.249704,-0.249704,-0.249704,-0.249704,-0.249704,-0.249704,-0.249704,-0.233738,-0.249704,-0.249704,-0.249704,-0.249704,-0.249704,-0.249704,-0.249704,-0.249704,-0.249704,-0.249704,-0.249704,-0.249704,-0.249704,-0.249704,-0.249704,-0.249704,-0.249704,-0.249704,-0.249704,-0.249704,-0.249704,-0.249704,-0.249704,-0.249704,-0.249704,-0.249704,-0.249704,-0.249704,-0.204376,-0.249704,-0.249704,-0.249704,-0.249704,-0.249704,-0.249704,-0.249704,-0.249704,}

CLUSTER-75{size: 29 , centroid: -0.415316,-0.408903,-0.41211,-0.41211,-0.41211,-0.41211,-0.41211,-0.41211,-0.41211,-0.41211,-0.41211,-0.41211,-0.41211,-0.41211,-0.41211,-0.41211,-0.41211,-0.41211,-0.41211,-0.41211,-0.41211,-0.41211,-0.41211,-0.41211,-0.41211,-0.41211,-0.41211,-0.41211,-0.41211,-0.41211,-0.41211,-0.41211,-0.41211,-0.41211,-0.41211,-0.41211,-0.41211,-0.41211,-0.41211,-0.41211,-0.41211,-0.41211,-0.41211,-0.41211,-0.41211,-0.41211,-0.41211,-0.41211,-0.41211,-0.41211,-0.41211,-0.41211,-0.41211,-0.41211,-0.41211,-0.41211,-0.41211,-0.41211,-0.41211,-0.41211,-0.41211,-0.41211,-0.41211,-0.41211,-0.41211,-0.41211,-0.41211,-0.41211,-0.41211,-0.41211,-0.41211,-0.41211,-0.41211,-0.41211,-0.41211,-0.41211,-0.41211,-0.41211,-0.41211,-0.41211,-0.41211,-0.41211,-0.41211,-0.41211,-0.41211,-0.41211,-0.41211,-0.41211,-0.41211,-0.41211,-0.41211,-0.41211,-0.41211,-0.41211,-0.41211,-0.41211,-0.41211,-0.41211,-0.41211,-0.41211,}

CLUSTER-76{size: 65 , centroid: 0.551817,0.55348,0.548084,0.548084,0.548084,0.548084,0.548084,0.548084,0.548084,0.548084,0.548084,0.548084,0.548084,0.549126,0.548084,0.548084,0.548084,0.548084,0.548084,0.548084,0.548084,0.548084,0.548084,0.546152,0.548084,0.548084,0.548084,0.548084,0.548556,0.548556,0.548556,0.548084,0.548556,0.548084,0.548084,0.548556,0.549322,0.548084,0.548084,0.548084,0.548084,0.548084,0.548084,0.548084,0.548084,0.548084,0.548556,0.548084,0.548084,0.548084,0.548084,0.548084,0.548084,0.548084,0.548084,0.548084,0.544071,0.548084,0.548084,0.548084,0.548556,0.54272,0.548084,0.548084,0.548084,0.548084,0.548084,0.548084,0.548084,0.548084,0.548084,0.548084,0.544071,0.548084,0.548084,0.548084,0.548084,0.548556,0.548556,0.548084,0.548084,0.548084,0.545856,0.548084,0.548084,0.548084,0.548084,0.548084,0.548556,0.548084,0.548084,0.548556,0.548084,0.548556,0.548084,0.548084,0.548556,0.548084,0.548084,0.548084,}

CLUSTER-77{size: 18 , centroid: 0.161502,0.177149,0.176194,0.166615,0.201903,0.201903,0.176194,0.176194,0.167478,0.176194,0.176194,0.176194,0.176194,0.157899,0.167478,0.176194,0.201903,0.176194,0.176194,0.176194,0.167478,0.176194,0.194352,0.166615,0.225084,0.176194,0.176194,0.176194,0.18108,0.167478,0.166615,0.176194,0.194352,0.176194,0.194352,0.158779,0.210803,0.194352,0.176194,0.176194,0.176194,0.176194,0.194352,0.194352,0.176194,0.158779,0.169426,0.157899,0.176194,0.176194,0.194352,0.176194,0.167478,0.18108,0.166615,0.167478,0.193188,0.201903,0.167478,0.16669,0.167478,0.194352,0.19535,0.176194,0.154702,0.176194,0.194352,0.167478,0.176194,0.176194,0.167478,0.145986,0.176194,0.166615,0.166615,0.176194,0.157899,0.166615,0.157899,0.157899,0.201903,0.176194,0.166615,0.167478,0.154702,0.166615,0.176194,0.178142,0.176194,0.176194,0.176194,0.157899,0.166615,0.166615,0.176194,0.176194,0.176194,0.176194,0.176194,0.201903,}

CLUSTER-78{size: 11 , centroid: 0.771737,0.771737,0.771737,0.771737,0.771737,0.771737,0.771737,0.771737,0.771737,0.771737,0.771737,0.771737,0.771737,0.771737,0.771737,0.771737,0.771737,0.771737,0.771737,0.771737,0.771737,0.771737,0.771737,0.771737,0.771737,0.771737,0.771737,0.771737,0.771737,0.771737,0.771737,0.771737,0.771737,0.771737,0.771737,0.771737,0.771737,0.771737,0.771737,0.771737,0.771737,0.771737,0.771737,0.771737,0.771737,0.771737,0.771737,0.771737,0.771737,0.771737,0.771737,0.771737,0.771737,0.771737,0.771737,0.771737,0.771737,0.771737,0.771737,0.771737,0.771737,0.771737,0.771737,0.771737,0.771737,0.771737,0.771737,0.771737,0.771737,0.771737,0.771737,0.771737,0.771737,0.771737,0.771737,0.771737,0.771737,0.771737,0.771737,0.771737,0.771737,0.771737,0.771737,0.771737,0.771737,0.771737,0.771737,0.771737,0.771737,0.771737,0.771737,0.771737,0.771737,0.771737,0.771737,0.771737,0.771737,0.771737,0.771737,0.771737,}

CLUSTER-79{size: 0 , centroid: 2.92656,2.92656,0.885043,0.885043,0.885043,0.885043,0.226348,0.885043,0.885043,0.885043,1.12642,0.885043,0.885043,0.885043,0.226348,0.885043,0.885043,0.885043,0.885043,0.885043,0.885043,0.226348,0.226348,0.885043,0.885043,0.885043,0.885043,0.885043,0.885043,0.885043,0.885043,0.90007,0.885043,0.90007,0.885043,0.885043,0.226348,0.885043,0.885043,0.90007,0.885043,0.885043,0.885043,0.885043,0.885043,0.885043,0.885043,0.885043,0.885043,0.885043,1.12642,0.885043,0.885043,0.885043,0.885043,0.885043,0.885043,0.885043,0.885043,0.885043,0.885043,0.885043,0.885043,0.885043,0.885043,0.885043,0.885043,0.885043,0.885043,0.885043,0.885043,0.885043,0.885043,0.885043,0.885043,0.885043,0.885043,0.885043,0.885043,0.226348,0.885043,0.885043,0.885043,0.885043,0.885043,0.885043,0.885043,0.885043,0.885043,0.226348,0.885043,0.885043,0.885043,0.885043,0.885043,0.885043,0.885043,0.885043,0.885043,0.885043,}

CLUSTER-80{size: 60 , centroid: 0.300496,0.296739,0.290841,0.297047,0.296025,0.292314,0.290841,0.2971,0.295593,0.295969,0.295593,0.295593,0.295593,0.286058,0.295593,0.2971,0.2971,0.290841,0.29918,0.295593,0.301798,0.290841,0.295593,0.289766,0.295593,0.297047,0.295593,0.290841,0.29918,0.298143,0.311834,0.290377,0.294428,0.295593,0.300654,0.304522,0.301504,0.303306,0.295593,0.295593,0.303306,0.295593,0.295593,0.293034,0.295593,0.290124,0.289642,0.285983,0.295593,0.295593,0.295593,0.2971,0.28945,0.295974,0.290841,0.291452,0.295593,0.2971,0.290841,0.294428,0.298574,0.303749,0.296592,0.295593,0.295593,0.295593,0.295593,0.29081,0.295593,0.290841,0.29081,0.290841,0.297066,0.295593,0.290841,0.295593,0.297066,0.290841,0.295593,0.295593,0.301832,0.301832,0.290807,0.301832,0.301987,0.290841,0.290807,0.295593,0.290841,0.289766,0.305478,0.289734,0.297047,0.303306,0.295593,0.295593,0.300777,0.281874,0.304479,0.30346,}

CLUSTER-81{size: 8 , centroid: 2.65663,2.72005,2.33501,2.33501,2.33501,2.33501,2.33501,2.33501,2.33501,2.33501,2.33501,2.33501,2.33501,2.33501,2.33501,2.33501,2.33501,2.33501,2.33501,2.33501,2.33501,2.33501,2.33501,2.33501,2.33501,2.33501,2.33501,2.33501,2.33501,2.33501,2.33501,2.33501,2.33501,2.33501,2.14334,2.15397,2.66174,2.33501,2.33501,2.33501,2.33501,2.33501,2.33501,2.33501,2.33501,2.16348,2.33501,2.33501,2.33501,2.33501,2.33501,2.33501,2.20576,2.33501,2.33501,2.33501,2.33501,2.33501,2.33501,2.33501,2.33501,2.47008,2.49122,2.33501,2.33501,2.33501,2.33501,2.33501,2.33501,2.33501,2.33501,2.33501,2.33501,2.33501,2.33501,2.33501,2.33501,2.33501,2.33501,2.33501,2.33501,2.33501,2.14234,2.33501,2.33501,2.16348,2.33501,2.14234,2.33501,2.33501,2.33501,2.33501,2.33501,2.33501,2.33501,2.33501,2.24066,2.33501,2.33501,2.33501,}

CLUSTER-82{size: 36 , centroid: 0.580614,0.585971,0.585971,0.585971,0.585971,0.585971,0.585971,0.585971,0.585971,0.585971,0.585971,0.585971,0.585971,0.585971,0.585971,0.585971,0.585971,0.585971,0.585971,0.585971,0.585971,0.585971,0.585971,0.585971,0.585971,0.585971,0.585971,0.585971,0.585971,0.585971,0.585971,0.585971,0.585971,0.585971,0.585971,0.585971,0.585971,0.585971,0.585971,0.585971,0.585971,0.585971,0.585971,0.585971,0.585971,0.585971,0.585971,0.585971,0.585971,0.585971,0.585971,0.585971,0.585971,0.585971,0.585971,0.585971,0.585971,0.585971,0.591329,0.585971,0.585971,0.585971,0.585971,0.585971,0.585971,0.585971,0.585971,0.585971,0.585971,0.585971,0.585971,0.585971,0.585971,0.585971,0.585971,0.585971,0.585971,0.585971,0.585971,0.585971,0.585971,0.585971,0.585971,0.585971,0.585971,0.585971,0.585971,0.585971,0.585971,0.585971,0.585971,0.585971,0.585971,0.585971,0.585971,0.585971,0.585971,0.585971,0.585971,0.585971,}

CLUSTER-83{size: 38 , centroid: 0.0224989,0.0353348,0.0347255,0.0342096,0.0342096,0.0347255,0.0347255,0.0439999,0.0347255,0.0342096,0.0347255,0.0226021,0.0347255,0.0342096,0.0347255,0.0347255,0.0347255,0.0439999,0.0347255,0.0347255,0.0347255,0.0347255,0.0226021,0.0342096,0.0342096,0.0342096,0.0347255,0.0347255,0.0347255,0.0342096,0.0347255,0.0439999,0.0347255,0.0226021,0.0226021,0.033636,0.0328261,0.0347255,0.0347255,0.0347255,0.0347255,0.0347255,0.0226021,0.0444427,0.0332726,0.0439999,0.0342096,0.0439999,0.0347255,0.0347255,0.0347255,0.0347255,0.0425456,0.0347255,0.0439999,0.0340644,0.0353856,0.0439999,0.0347255,0.0347255,0.0439999,0.0309705,0.0347255,0.0347255,0.0347255,0.0347255,0.0347255,0.0342096,0.0342096,0.0400134,0.0347255,0.0342096,0.0400134,0.0342096,0.0284059,0.0347255,0.0226021,0.0347255,0.043207,0.0347255,0.0347255,0.0347255,0.0284059,0.0347255,0.0347255,0.0347255,0.0347255,0.0347255,0.0284059,0.0347255,0.0347255,0.0347255,0.0347255,0.0439999,0.0347255,0.0347255,0.0339156,0.0342096,0.0347255,0.0342096,}

CLUSTER-84{size: 0 , centroid: 0.102733,0.398414,0.398414,0.398414,0.398414,0.398414,0.398414,0.398414,0.398414,0.398414,0.398414,0.398414,0.398414,0.398414,0.398414,0.398414,0.398414,0.398414,0.398414,0.398414,0.398414,0.398414,0.398414,0.398414,0.398414,0.398414,0.398414,0.398414,0.398414,0.398414,0.398414,0.398414,0.398414,0.398414,0.398414,0.893303,0.102733,0.398414,0.398414,0.398414,0.398414,0.398414,0.398414,0.398414,0.398414,0.398414,0.398414,0.398414,0.398414,0.398414,0.398414,0.398414,0.398414,0.398414,0.398414,0.398414,0.893303,0.398414,0.398414,0.398414,0.398414,0.398414,0.398414,0.398414,0.398414,0.398414,0.398414,0,0.398414,0.398414,0.398414,0.398414,0.398414,0.398414,0.398414,0.398414,0.398414,0.398414,0.398414,0.398414,0.398414,0.398414,0.398414,0.398414,0.398414,0.398414,0.398414,0.398414,0.398414,0.398414,0.398414,0.398414,0.398414,0.398414,0.398414,0.398414,0.398414,0.398414,0.398414,0.398414,}

CLUSTER-85{size: 27 , centroid: -0.525238,-0.489386,-0.489386,-0.489386,-0.489386,-0.489386,-0.489386,-0.489386,-0.489386,-0.489386,-0.489386,-0.489386,-0.489386,-0.489386,-0.489386,-0.489386,-0.489386,-0.489386,-0.489386,-0.489386,-0.489386,-0.489386,-0.489386,-0.489386,-0.489386,-0.489386,-0.489386,-0.489386,-0.489386,-0.489386,-0.489386,-0.489386,-0.489386,-0.489386,-0.489386,-0.489386,-0.489386,-0.489386,-0.489386,-0.489386,-0.489386,-0.489386,-0.489386,-0.489386,-0.489386,-0.489386,-0.489386,-0.489386,-0.489386,-0.489386,-0.489386,-0.489386,-0.489386,-0.489386,-0.489386,-0.489386,-0.489386,-0.489386,-0.489386,-0.489386,-0.489386,-0.489386,-0.489386,-0.489386,-0.489386,-0.489386,-0.489386,-0.489386,-0.489386,-0.489386,-0.489386,-0.489386,-0.489386,-0.489386,-0.489386,-0.489386,-0.489386,-0.489386,-0.489386,-0.489386,-0.489386,-0.489386,-0.489386,-0.489386,-0.489386,-0.489386,-0.489386,-0.471461,-0.489386,-0.489386,-0.489386,-0.489386,-0.489386,-0.489386,-0.489386,-0.489386,-0.471461,-0.489386,-0.489386,-0.489386,}

CLUSTER-86{size: 12 , centroid: -0.760493,-0.760493,-0.760493,-0.760493,-0.760493,-0.760493,-0.760493,-0.760493,-0.760493,-0.760493,-0.760493,-0.760493,-0.760493,-0.760493,-0.760493,-0.760493,-0.760493,-0.760493,-0.760493,-0.760493,-0.760493,-0.760493,-0.760493,-0.760493,-0.760493,-0.760493,-0.760493,-0.760493,-0.760493,-0.761686,-0.760493,-0.760493,-0.760493,-0.760493,-0.760493,-0.760493,-0.758108,-0.760493,-0.760493,-0.760493,-0.760493,-0.760493,-0.760493,-0.760493,-0.760493,-0.760493,-0.760493,-0.760493,-0.760493,-0.760493,-0.760493,-0.760493,-0.760493,-0.760493,-0.760493,-0.760493,-0.761686,-0.760493,-0.760493,-0.760493,-0.760493,-0.760493,-0.760493,-0.760493,-0.760493,-0.760493,-0.760493,-0.760493,-0.760493,-0.760493,-0.760493,-0.760493,-0.760493,-0.760493,-0.760493,-0.760493,-0.760493,-0.760493,-0.760493,-0.760493,-0.760493,-0.760493,-0.760493,-0.760493,-0.760493,-0.760493,-0.760493,-0.760493,-0.760493,-0.760493,-0.760493,-0.760493,-0.760493,-0.760493,-0.760493,-0.760493,-0.760493,-0.760493,-0.760493,-0.760493,}

CLUSTER-87{size: 9 , centroid: 1.00573,0.998866,1.01418,1.01418,1.01418,1.01418,1.01418,1.01418,1.01418,1.01418,1.01418,1.01418,1.01418,1.01418,1.01418,1.01418,1.01418,1.01418,1.01418,1.01418,1.01418,1.01418,1.01418,1.01418,1.01418,1.01418,1.01418,1.01418,1.01418,1.01418,1.01418,1.01418,0.998866,1.01418,1.01418,1.01418,1.05326,1.01418,1.01418,1.01418,1.01418,1.01418,1.01418,1.01418,1.01418,1.01418,1.01418,1.01418,1.01418,1.01418,1.01418,1.01418,1.01418,1.01418,1.01418,1.01418,1.01418,1.01418,1.01418,1.01418,1.01418,1.01418,1.01418,1.01418,1.01418,1.01418,1.01418,1.01418,1.01418,1.01418,1.01418,1.01418,1.01418,1.01418,1.01418,1.01418,1.01418,1.01418,1.01418,1.01418,1.01418,1.01418,1.01418,1.01418,1.01418,1.01418,1.01418,1.01418,1.01418,1.01418,1.01418,1.01418,1.01418,1.01418,1.01418,1.01418,1.01418,1.01418,1.01418,1.01418,}

CLUSTER-88{size: 46 , centroid: 0.0920639,0.085847,0.0892272,0.0892272,0.0892272,0.0892272,0.0892272,0.0932344,0.0892272,0.0871282,0.0875346,0.0892272,0.0892272,0.0869374,0.0892272,0.0892272,0.0892272,0.0932344,0.0892272,0.0892272,0.0892272,0.0892272,0.0892272,0.0869374,0.0892272,0.0892272,0.0892272,0.0869374,0.0869374,0.0869374,0.0853967,0.0892272,0.0869374,0.0932344,0.0910534,0.0826638,0.0820495,0.0892272,0.0892272,0.0892272,0.0845656,0.0892272,0.0892272,0.0882188,0.0892272,0.0849925,0.0932344,0.0869374,0.0892272,0.0892272,0.0892272,0.0892272,0.0869374,0.0892272,0.0996481,0.0892272,0.0892272,0.0892272,0.0869374,0.0892272,0.0932344,0.0889997,0.0905086,0.0892272,0.0892272,0.0892272,0.0892272,0.0892272,0.0869374,0.0932344,0.0869374,0.0911354,0.0869374,0.0892272,0.0932344,0.0892272,0.0892272,0.0983122,0.0892272,0.0892272,0.0892272,0.0937408,0.0869374,0.0892272,0.0869374,0.0892272,0.0892272,0.0892272,0.0892272,0.094305,0.0892272,0.0932344,0.0892272,0.0875346,0.0932344,0.0892272,0.0869374,0.0892272,0.0871282,0.0892272,}

CLUSTER-89{size: 17 , centroid: 0.866269,0.866269,0.866269,0.866269,0.866269,0.866269,0.866269,0.866269,0.866269,0.866269,0.866269,0.866269,0.866269,0.866269,0.866269,0.866269,0.866269,0.866269,0.866269,0.866269,0.866269,0.866269,0.866269,0.866269,0.866269,0.866269,0.866269,0.866269,0.866269,0.866269,0.866269,0.866269,0.866269,0.866269,0.866269,0.866269,0.866269,0.866269,0.866269,0.866269,0.866269,0.866269,0.866269,0.866269,0.866269,0.866269,0.866269,0.866269,0.866269,0.866269,0.866269,0.866269,0.866269,0.866269,0.866269,0.866269,0.866269,0.866269,0.866269,0.866269,0.866269,0.866269,0.866269,0.866269,0.866269,0.866269,0.866269,0.866269,0.866269,0.866269,0.866269,0.866269,0.866269,0.866269,0.866269,0.866269,0.866269,0.866269,0.866269,0.866269,0.866269,0.866269,0.866269,0.866269,0.866269,0.866269,0.866269,0.866269,0.866269,0.866269,0.866269,0.866269,0.866269,0.866269,0.866269,0.866269,0.866269,0.866269,0.866269,0.866269,}

CLUSTER-90{size: 8 , centroid: -1.71679,-1.71679,-1.80194,-1.80194,-1.80194,-1.80194,-1.80194,-1.80194,-1.80194,-1.80194,-1.80194,-1.80194,-1.80194,-1.80194,-1.80194,-1.80194,-1.80194,-1.80194,-1.80194,-1.80194,-1.80194,-1.80194,-1.80194,-1.80194,-1.80194,-1.80194,-1.80194,-1.80194,-1.85728,-1.80194,-1.80194,-1.80194,-1.80194,-1.80194,-1.80194,-1.71679,-1.71679,-1.80194,-1.80194,-1.80194,-1.80194,-1.80194,-1.80194,-1.85728,-1.80194,-1.80194,-1.80194,-1.80194,-1.80194,-1.80194,-1.80194,-1.80194,-1.80194,-1.80194,-1.80194,-1.80194,-1.80194,-1.80194,-1.85728,-1.80194,-1.80194,-1.85728,-1.71679,-1.80194,-1.80194,-1.80194,-1.80194,-1.80194,-1.80194,-1.80194,-1.80194,-1.80194,-1.80194,-1.80194,-1.80194,-1.80194,-1.80194,-1.80194,-1.80194,-1.80194,-1.80194,-1.80194,-1.85728,-1.80194,-1.80194,-1.80194,-1.80194,-1.80194,-1.80194,-1.80194,-1.80194,-1.80194,-1.80194,-1.80194,-1.80194,-1.80194,-1.80194,-1.80194,-1.95094,-1.80194,}

CLUSTER-91{size: 12 , centroid: -0.238718,-0.238718,-0.238718,-0.227949,-0.227949,-0.227949,-0.227949,-0.209347,-0.227949,-0.179976,-0.227949,-0.227949,-0.227949,-0.227949,-0.209347,-0.238718,-0.227949,-0.227949,-0.227949,-0.227949,-0.227949,-0.227949,-0.179976,-0.209347,-0.227949,-0.227949,-0.227949,-0.227949,-0.238718,-0.238718,-0.227949,-0.227949,-0.227949,-0.227949,-0.238718,-0.238718,-0.238718,-0.227949,-0.227949,-0.227949,-0.227949,-0.227949,-0.227949,-0.209347,-0.227949,-0.227949,-0.238718,-0.227949,-0.227949,-0.227949,-0.227949,-0.227949,-0.238718,-0.227949,-0.227949,-0.227949,-0.238718,-0.179976,-0.227949,-0.238718,-0.238718,-0.227949,-0.238718,-0.227949,-0.227949,-0.227949,-0.227949,-0.227949,-0.227949,-0.238718,-0.227949,-0.227949,-0.227949,-0.227949,-0.227949,-0.227949,-0.227949,-0.227949,-0.238718,-0.227949,-0.227949,-0.227949,-0.238718,-0.227949,-0.227949,-0.238718,-0.227949,-0.227949,-0.227949,-0.209347,-0.227949,-0.238718,-0.227949,-0.238718,-0.227949,-0.227949,-0.238718,-0.227949,-0.227949,-0.227949,}

CLUSTER-92{size: 33 , centroid: -0.0993806,-0.110687,-0.102355,-0.102355,-0.102355,-0.102355,-0.102355,-0.102355,-0.102355,-0.102355,-0.102355,-0.102355,-0.102355,-0.102355,-0.102355,-0.102355,-0.102355,-0.102355,-0.102355,-0.102355,-0.102355,-0.102355,-0.102355,-0.102355,-0.102355,-0.102355,-0.102355,-0.102355,-0.102355,-0.102355,-0.102355,-0.102355,-0.102355,-0.102355,-0.102355,-0.0996768,-0.102355,-0.102355,-0.102355,-0.102355,-0.102355,-0.102355,-0.102355,-0.102355,-0.102355,-0.102355,-0.102355,-0.102355,-0.102355,-0.102355,-0.102355,-0.102355,-0.102355,-0.102355,-0.102355,-0.102355,-0.102355,-0.102355,-0.102355,-0.102355,-0.102355,-0.102355,-0.102355,-0.102355,-0.102355,-0.102355,-0.102355,-0.102355,-0.102355,-0.102355,-0.102355,-0.102355,-0.102355,-0.102355,-0.102355,-0.102355,-0.102355,-0.102355,-0.102355,-0.102355,-0.102355,-0.102355,-0.102355,-0.102355,-0.102355,-0.102355,-0.102355,-0.102355,-0.0996768,-0.102355,-0.102355,-0.102355,-0.102355,-0.102355,-0.102355,-0.102355,-0.102355,-0.102355,-0.102355,-0.102355,}

CLUSTER-93{size: 19 , centroid: 0.792606,0.792606,0.792606,0.792606,0.792606,0.792606,0.792606,0.792606,0.792606,0.792606,0.792606,0.792606,0.792606,0.792606,0.792606,0.792606,0.792606,0.792606,0.792606,0.792606,0.792606,0.792606,0.792606,0.792606,0.792606,0.792606,0.792606,0.792606,0.792606,0.792606,0.792606,0.792606,0.792606,0.792606,0.792606,0.792606,0.792606,0.792606,0.792606,0.792606,0.792606,0.792606,0.792606,0.792606,0.792606,0.792606,0.792606,0.792606,0.792606,0.792606,0.792606,0.792606,0.792606,0.792606,0.792606,0.792606,0.792606,0.792606,0.792606,0.792606,0.792606,0.792606,0.792606,0.792606,0.792606,0.792606,0.792606,0.792606,0.792606,0.792606,0.792606,0.792606,0.792606,0.792606,0.792606,0.792606,0.792606,0.792606,0.792606,0.792606,0.792606,0.792606,0.792606,0.792606,0.792606,0.792606,0.792606,0.792606,0.792606,0.792606,0.792606,0.792606,0.792606,0.792606,0.792606,0.792606,0.792606,0.792606,0.792606,0.792606,}

CLUSTER-94{size: 1 , centroid: 1.42173,0.824889,0.472886,0.472886,0.472886,0.472886,0.472886,0.472886,0.472886,0.472886,0.472886,0.472886,0.472886,0.251111,0.472886,0.472886,0.472886,0.472886,0.472886,0.472886,0.472886,0.569586,0.472886,0.472886,0.472886,0.472886,0.472886,0.472886,0.569586,0.251111,0.472886,0.472886,0.472886,0.472886,0.506414,0.824889,0.506414,0.472886,0.472886,0.472886,0.472886,0.472886,0.472886,0.251111,0.472886,0.251111,0.569586,0.506414,0.472886,0.412685,0.472886,0.472886,0.251111,0.251111,0.472886,0.472886,0.472886,0.472886,0.472886,0.472886,0.472886,0.412685,0.569586,0.472886,0.281089,0.472886,0.472886,0.251111,0.472886,0.472886,0.569586,0.472886,0.472886,0.472886,0.506414,0.472886,0.472886,0.472886,0.472886,0.221775,0.506414,0.472886,0.472886,0.472886,0.472886,0.472886,0.472886,0.472886,0.472886,0.472886,0.472886,0.251111,0.506414,0.472886,0.472886,0.472886,0.472886,0.472886,0.472886,0.472886,}

CLUSTER-95{size: 91 , centroid: 0.633548,0.635018,0.635018,0.635018,0.635018,0.635018,0.635018,0.635018,0.635018,0.635018,0.635018,0.635018,0.635018,0.635018,0.635018,0.635018,0.635018,0.635018,0.635018,0.635018,0.635018,0.635018,0.635018,0.635018,0.635018,0.635018,0.635018,0.635018,0.635018,0.635018,0.635018,0.635018,0.635018,0.635018,0.635018,0.635018,0.635018,0.635018,0.635018,0.635018,0.635018,0.635018,0.635018,0.635018,0.635018,0.635018,0.635018,0.635018,0.635018,0.635018,0.635018,0.635018,0.635018,0.635018,0.635018,0.635018,0.635018,0.635018,0.635018,0.635018,0.635018,0.635018,0.635018,0.635018,0.635018,0.635018,0.635018,0.635018,0.635018,0.635018,0.635018,0.635018,0.635018,0.635018,0.635018,0.635018,0.635018,0.635018,0.635018,0.638778,0.635018,0.635018,0.635018,0.635018,0.635018,0.635018,0.635018,0.635018,0.635018,0.635018,0.635018,0.635018,0.635018,0.635018,0.635018,0.635018,0.635018,0.635018,0.632727,0.635018,}

CLUSTER-96{size: 6 , centroid: -0.640138,-0.640138,-0.640138,-0.640138,-0.640138,-0.640138,-0.640138,-0.640138,-0.640138,-0.640138,-0.640138,-0.640138,-0.640138,-0.640138,-0.640138,-0.640138,-0.640138,-0.640138,-0.640138,-0.640138,-0.640138,-0.640138,-0.640138,-0.640138,-0.640138,-0.640138,-0.640138,-0.640138,-0.640138,-0.640138,-0.640138,-0.640138,-0.640138,-0.640138,-0.640138,-0.640138,-0.640138,-0.640138,-0.640138,-0.640138,-0.640138,-0.640138,-0.640138,-0.640138,-0.640138,-0.640138,-0.640138,-0.640138,-0.640138,-0.640138,-0.640138,-0.640138,-0.640138,-0.640138,-0.640138,-0.640138,-0.640138,-0.640138,-0.640138,-0.640138,-0.640138,-0.640138,-0.640138,-0.640138,-0.640138,-0.640138,-0.640138,-0.640138,-0.640138,-0.640138,-0.640138,-0.640138,-0.640138,-0.640138,-0.640138,-0.640138,-0.640138,-0.640138,-0.640138,-0.640138,-0.640138,-0.640138,-0.640138,-0.640138,-0.640138,-0.640138,-0.640138,-0.640138,-0.640138,-0.640138,-0.640138,-0.640138,-0.640138,-0.640138,-0.640138,-0.640138,-0.640138,-0.640138,-0.640138,-0.640138,}

CLUSTER-97{size: 12 , centroid: 0.962425,0.962425,0.962425,0.962425,0.962425,0.962425,0.962425,0.962425,0.962425,0.962425,0.962425,0.962425,0.962425,0.962425,0.962425,0.962425,0.962425,0.962425,0.962425,0.962425,0.962425,0.962425,0.962425,0.962425,0.962425,0.962425,0.962425,0.962425,0.962425,0.962425,0.962425,0.962425,0.962425,0.962425,0.962425,0.962425,0.962425,0.962425,0.962425,0.962425,0.962425,0.962425,0.962425,0.962425,0.962425,0.962425,0.962425,0.962425,0.962425,0.962425,0.962425,0.962425,0.962425,0.962425,0.962425,0.962425,0.962425,0.962425,0.962425,0.962425,0.962425,0.962425,0.962425,0.962425,0.962425,0.962425,0.962425,0.962425,0.962425,0.962425,0.962425,0.962425,0.962425,0.962425,0.962425,0.962425,0.962425,0.962425,0.962425,0.962425,0.962425,0.962425,0.962425,0.962425,0.962425,0.962425,0.962425,0.962425,0.962425,0.962425,0.962425,0.962425,0.962425,0.962425,0.962425,0.962425,0.962425,0.962425,0.962425,0.962425,}

CLUSTER-98{size: 21 , centroid: 0.751922,0.718148,0.735035,0.735035,0.735035,0.735035,0.735035,0.735035,0.735035,0.735035,0.735035,0.735035,0.735035,0.735035,0.735035,0.735035,0.735035,0.735035,0.735035,0.735035,0.735035,0.735035,0.735035,0.735035,0.735035,0.735035,0.735035,0.735035,0.735035,0.735035,0.735035,0.735035,0.735035,0.735035,0.735035,0.735035,0.735035,0.735035,0.735035,0.735035,0.735035,0.735035,0.735035,0.735035,0.735035,0.735035,0.735035,0.735035,0.735035,0.735035,0.735035,0.735035,0.735035,0.735035,0.735035,0.735035,0.735035,0.735035,0.735035,0.735035,0.735035,0.735035,0.735035,0.735035,0.735035,0.735035,0.735035,0.735035,0.735035,0.735035,0.735035,0.735035,0.735035,0.735035,0.735035,0.735035,0.735035,0.735035,0.735035,0.735035,0.735035,0.735035,0.735035,0.735035,0.735035,0.735035,0.735035,0.735035,0.735035,0.735035,0.735035,0.735035,0.735035,0.735035,0.735035,0.735035,0.735035,0.735035,0.735035,0.735035,}

CLUSTER-99{size: 1 , centroid: 1.06726,0.832344,0.458101,0.339347,0.405539,0.405539,0.405539,0.405539,0.405539,0.405539,0.405539,0.405539,0.405539,0.202798,0.458101,0.405539,0.405539,0.458101,0.405539,0.405539,0.458101,0.405539,0.458101,0.405539,0.405539,0.405539,0.405539,0.202798,0.136606,0.405539,0.339347,0.405539,0.458101,0.405539,0.713405,0.458101,0.647213,0.458101,0.405539,0.405539,0.405539,0.405539,0.458101,0.458101,0.458101,0.202798,0.136606,0.458101,0.405539,0.405539,0.458101,0.405539,0.136606,0.405539,0.405539,0.405539,0.339347,0.405539,0.405539,0.405539,0.339347,0.39191,0.458101,0.405539,0.458101,0.405539,0.458101,0.202798,0.405539,0.405539,0.202798,0.405539,0.405539,0.405539,0.458101,0.405539,0.405539,0.405539,0.405539,0.405539,0.458101,0.405539,0.339347,0.405539,0.405539,0.405539,0.405539,0.405539,0.202798,0.405539,0.405539,0.202798,0.458101,0.405539,0.405539,0.405539,0.339347,0.405539,0.405539,0.405539,}

clustering_time: 3.42191
Silhouette: [0.867223,0.619759,0.182861,0.190461,-0.795356,0.115903,0.681247,0.65475,0.166201,-0.311947,0.622468,-0.616806,-0.35108,-0.148895,0.51004,0.613064,0.330685,-0.277899,0.832833,0.869017,0.452677,0.904214,0.66536,0.769932,0.245184,0.495641,0.313935,0.95822,-0.0757423,-0.671073,0.699867,0.497072,1,0.998593,0.636525,-0.807566,0.455908,0.22293,0.792166,0.546502,1,-0.271792,0.640406,0.9256,-0.507706,0.405032,0.793319,0.504354,-0.250474,-0.427953,0.327003,1,0.489139,-0.652989,-0.709939,0.338579,0.677544,1,0.479337,0.671512,0.777626,0.434256,0.796397,1,0.572108,0.636489,0.790316,0.72648,-0.676304,1,-0.449943,0.229633,0.955918,0.461584,0.340985,0.727109,0.208541,0.639447,0.897358,0.453506,-0.179359,0.97681,0.736384,0.249451,0.798907,0.74365,0.333563,-0.478202,0.156911,0.383657] 

