
Algorithm: I1A1U1

Metric: Euclidean

CLUSTER-0{size: 3 , centroid: 14.9159,6.25134,1.08704,0.658061,1.22096,1.04109,0.861591,0.975968,1.00755,0.571539,0.825401,1.22096,1.22096,1.17235,1.22096,0.906861,1.02411,1.22096,1.10184,1.88718,1.22096,1.22096,1.22096,1.22096,0.821923,1.22096,0.890138,1.22096,1.28913,0.575357,1.06707,1.22096,1.07271,1.22096,0.429473,1.49419,2.06362,0.861591,1.17459,1.14466,0.79716,1.22096,1.22096,1.48283,1.22096,0.632191,0.918186,1.34952,1.22096,0.463406,1.22096,0.741717,0.921249,0.800656,0.652172,0.727917,0.732435,0.877037,0.935414,0.966107,1.22096,0.605495,0.430255,0.780797,1.22096,0.990689,1.00166,1.26423,1.22096,0.861591,0.879108,0.906861,0.96393,0.9032,0.791632,1.22096,1.22096,1.22096,0.75872,0.861182,1.22096,0.788489,0.967077,1.08212,0.935474,1.22096,1.04733,0.904428,1.22096,0.861591,0.981544,1.22096,1.22096,0.957772,0.760059,1.22096,0.540609,1.17599,1.07445,1.22096,}

CLUSTER-1{size: 41 , centroid: 0.624614,0.39303,0.346372,0.346372,0.336195,0.346372,0.346372,0.346372,0.346372,0.339699,0.356815,0.351512,0.346372,0.313089,0.346372,0.32768,0.346372,0.33859,0.346372,0.360322,0.346372,0.377033,0.346372,0.346372,0.291612,0.346372,0.346372,0.32764,0.353411,0.338114,0.324797,0.346372,0.349168,0.338572,0.336568,0.296892,0.320651,0.346372,0.346372,0.33567,0.329574,0.346372,0.346372,0.3301,0.346372,0.362047,0.346372,0.355449,0.346372,0.346238,0.346372,0.351509,0.341981,0.336489,0.343125,0.312235,0.348074,0.346372,0.366244,0.347495,0.357679,0.337461,0.349873,0.346372,0.335959,0.346372,0.346372,0.330003,0.346372,0.346372,0.340325,0.334574,0.332463,0.338003,0.357552,0.323371,0.338568,0.366066,0.390521,0.344768,0.358203,0.346372,0.352103,0.341199,0.346372,0.346372,0.368265,0.324167,0.346372,0.341232,0.346372,0.346372,0.346372,0.346372,0.346372,0.346372,0.338962,0.33978,0.292623,0.346372,}

CLUSTER-2{size: 23 , centroid: 2.51668,2.25233,1.23515,1.3736,1.30898,1.27623,1.26767,1.29695,1.23814,1.23988,1.31131,1.25823,1.3069,1.3069,1.28069,1.29127,1.30898,1.35357,1.23356,1.26524,1.29716,1.30051,1.34895,1.29307,1.25997,1.30898,1.29695,1.32195,1.33285,1.1991,1.19191,1.28105,1.2604,1.29543,1.28151,1.19438,1.35192,1.36251,1.3069,1.28309,1.27501,1.3069,1.30668,1.41739,1.28069,1.1482,1.35073,1.32603,1.3069,1.29543,1.34452,1.30898,1.35702,1.25317,1.22411,1.21683,1.1743,1.3408,1.25284,1.17018,1.22973,1.26338,1.44177,1.3069,1.28981,1.29066,1.19254,1.32627,1.3069,1.28105,1.22327,1.13874,1.30934,1.3069,1.3069,1.3069,1.24411,1.3069,1.07061,1.26181,1.32101,1.21793,1.36922,1.21077,1.32159,1.26878,1.28105,1.3069,1.21887,1.32643,1.3069,1.31559,1.30898,1.34441,1.32159,1.3069,1.33317,1.24198,1.3069,1.30898,}

CLUSTER-3{size: 12 , centroid: -1.0972,-0.421281,-0.582358,-0.510669,-0.582358,-0.582358,-0.582358,-0.582358,-0.582358,-0.595164,-0.582358,-0.582358,-0.582358,-0.566734,-0.582358,-0.654716,-0.582358,-0.582358,-0.582358,-0.582358,-0.582358,-0.582358,-0.582358,-0.582358,-0.582358,-0.595164,-0.582358,-0.582358,-0.582358,-0.582358,-0.582358,-0.582358,-0.582358,-0.582358,-0.582358,-0.588454,-0.489588,-0.582358,-0.582358,-0.582358,-0.582358,-0.595164,-0.566734,-0.557527,-0.582294,-0.582358,-0.582358,-0.582358,-0.582358,-0.566734,-0.582358,-0.559061,-0.582358,-0.582358,-0.566734,-0.582358,-0.560086,-0.566734,-0.595164,-0.582358,-0.582358,-0.610725,-0.535256,-0.595164,-0.566734,-0.582358,-0.582358,-0.582358,-0.582358,-0.582358,-0.559771,-0.582358,-0.582358,-0.582358,-0.582358,-0.582358,-0.566734,-0.582358,-0.595164,-0.582358,-0.566734,-0.582358,-0.582358,-0.582358,-0.582358,-0.566734,-0.582358,-0.610484,-0.566734,-0.54493,-0.582358,-0.582358,-0.582358,-0.529306,-0.595164,-0.564447,-0.560086,-0.582358,-0.595508,-0.582358,}

CLUSTER-4{size: 0 , centroid: 167.541,89.7006,0.315471,1.31636,1.17339,1.59762,6.02861,0.0254593,0.177858,1.82097,2.82357,-0.546426,0,-0.492398,0,1.82259,0.784527,1.5392,-0.526742,4.60465,0.361158,1.44252,-0.344094,1.02963,0.919639,6.02861,0.418792,1.05215,4.78719,1.65862,1.92274,0.30678,4.12018,1.67832,7.70622,29.6716,44.9099,-0.250468,0.835976,-0.493363,-3.50935,1.08372,0.440434,13.0293,1.4826,12.3119,5.5468,9.44148,6.02861,1.45193,0.90007,0.202289,6.43854,0.226348,5.14619,2.76245,1.83465,0,3.24871,8.90469,0.713184,9.37742,13.2046,6.02861,7.87748,2.91264,3.41751,16.3009,-0.624893,0.89732,0.995565,6.92478,1.60251,-1.11421,5.68585,0.984507,0.864851,1.53502,1.88572,0.0496418,7.51978,4.91448,4.66327,0.991377,-1.00375,0.91203,1.53103,0.202289,0.931866,2.26272,2.31788,1.77371,4.70415,1.97936,0.33995,6.02861,8.35722,1.65882,2.78834,6.02861,}

CLUSTER-5{size: 4 , centroid: 1.0812,2.0998,0.432078,0.432078,0.432078,0.432078,0.432078,0.432078,0.369016,0.3032,0.432078,0.432078,0.432078,0.432078,0.432078,0.432078,0.432078,0.432078,0.432078,0.432078,0.432078,0.432078,0.432078,0.432078,0.432078,0.432078,0.432078,0.432078,0.351173,0.432078,0.859242,0.432078,0.802868,0.432078,0.3032,0.151408,0.0881465,0.432078,0.432078,0.325885,0.325885,0.432078,0.432078,0.180064,0.374018,0.272584,0.391631,0.432078,0.432078,0.432078,0.432078,0.432078,0.432078,0.432078,0.432078,0.351173,0.272869,0.432078,0.432078,0.452391,0.432078,0.287909,0.587949,0.425721,0.432078,0.432078,0.351173,0.654215,0.432078,0.432078,0.298139,0.432078,0.432078,0.432078,0.351173,0.432078,0.432078,0.493085,0.432078,0.432078,0.432078,0.244979,0.432078,0.432078,0.432078,0.432078,-0.129307,0.391631,0.351173,0.432078,0.432078,0.351173,0.432078,0.478878,0.3032,0.432078,0.432078,0.325885,0.432078,0.432078,}

CLUSTER-6{size: 8 , centroid: 5.52244,3.76741,2.81783,2.81783,2.81783,2.81783,2.81783,2.81783,2.81783,2.81783,2.81783,2.81783,2.81783,2.81783,2.81783,2.81783,2.81783,2.81783,2.81783,2.47451,2.81783,2.81783,2.81783,2.81783,2.81783,2.81783,2.81783,2.81783,2.21731,2.81783,2.81783,2.81783,2.81783,2.81783,2.81783,2.39745,2.32817,2.81783,2.81783,2.81783,2.81783,2.81783,2.81783,2.81783,2.64322,2.68177,2.81783,3.22377,2.81783,2.81783,2.81783,2.81783,2.81783,2.81783,2.81783,2.66691,2.81783,2.81783,2.81783,2.81783,2.81783,2.7244,2.64427,2.81783,2.81783,2.81783,2.81783,1.97225,2.81783,2.81783,2.81783,2.62807,2.81783,2.81783,2.81783,2.81783,2.81783,2.81783,2.81783,2.81783,2.81783,2.65586,2.81783,2.81783,2.81783,2.81783,2.81783,2.81783,2.81783,2.81783,2.81783,2.81783,2.81783,2.81783,2.81783,2.81783,2.53743,2.81783,2.81783,2.81783,}

CLUSTER-7{size: 0 , centroid: 2.25189,2.25189,0.124969,0.124969,0.124969,0.124969,0.124969,0.124969,0.124969,0.124969,0.124969,0.124969,0.124969,0.124969,0.124969,0.124969,0.124969,0.124969,0.124969,0.124969,0.124969,0.124969,0.124969,0.124969,0.124969,0.124969,0,0.124969,-0.698354,0.124969,0.124969,0.124969,0.124969,0.124969,0.124969,0.124969,0,2.25189,0.124969,0.124969,0.124969,0.124969,0.124969,-2.10732,0,0.124969,2.25189,0.124969,0.124969,0.124969,0.124969,0.124969,1.40896,0.124969,0.124969,0.124969,0.124969,0.124969,-2.10732,0.124969,0.124969,-2.95025,0.124969,0.124969,0.124969,0.124969,0.124969,0.124969,0.124969,2.25189,0.124969,0.124969,0.124969,0.124969,0.124969,0.124969,0.124969,0.124969,0.124969,0.124969,0.124969,2.25189,-2.95025,0.124969,0.124969,0.124969,0.124969,0.124969,0.124969,0.124969,0.124969,0.124969,0.124969,0.124969,0.124969,0.124969,0.124969,0.124969,-2.10732,0.124969,}

CLUSTER-8{size: 38 , centroid: 0.0309591,0.0196139,0.0138476,0.0257664,0.0302399,0.0302399,0.0126088,0.0419176,0.0336974,0.036503,0.0465821,0.017835,0.0440452,0.0232583,0.0309874,0.0337244,0.0892635,0.0275055,0.0272317,0.0649525,0.0369712,0.0490241,0.00378322,0.0150903,0.0671648,0.0398508,0.0497813,0.0252223,0.0400853,0.0192139,0.0368119,0.0371164,0.0367013,0.0165157,0.0106445,0.0326536,0.0972681,0.0243513,0.0323067,0.0544147,0.0251154,0.0419176,0.0245049,0.0558538,0.0326397,0.0400273,0.0105612,0.0535343,0.0323067,0.0287509,0.0323067,0.00058388,0.0168028,0.0371354,0.0240881,0.0196385,0.0219658,0.0332891,0.0261862,0.0577356,-0.0459614,0.0473601,0.0410612,0.0268561,0.0724245,0.0296822,0.0300854,0.0853191,0.0310482,0.0297936,0.0333841,0.0167524,0.028917,0.00376812,0.0201077,0.0302399,0.00737516,0.0264172,0.00356233,0.0566956,0.0371164,0.0153017,0.00620545,0.0302399,0.0471965,0.0274678,0.0371164,0.0228023,0.0272142,0.0217327,0.0391832,0.0375177,0.0186926,0.0299876,0.0432276,0.0295723,0.036789,0.0229587,0.0505153,0.0542456,}

CLUSTER-9{size: 0 , centroid: -5.86085,-5.86085,-5.24187,-5.24187,-5.24187,-5.24187,-5.24187,-5.24187,-5.24187,-5.24187,-5.24187,-5.24187,-5.24187,-5.24187,-5.24187,-5.24187,-5.24187,-5.24187,-5.24187,-5.24187,-5.24187,-5.24187,-5.24187,-5.24187,-5.24187,-5.24187,-5.24187,-5.24187,-5.24187,-5.24187,-5.24187,-5.24187,-5.24187,-5.24187,-5.24187,-5.47903,-5.86085,-5.24187,-5.24187,-5.24187,-5.24187,-5.24187,-5.24187,-5.24187,-5.24187,-5.24187,-5.24187,-5.24187,-5.24187,-5.24187,-5.24187,-5.24187,-5.24187,-5.24187,-5.24187,-5.24187,-5.24187,-5.24187,-5.24187,-5.24187,-5.24187,-5.24187,-5.86085,-5.24187,-5.24187,-5.24187,-5.24187,-5.24187,-5.24187,-5.24187,-5.24187,-5.24187,-5.24187,-5.24187,-5.24187,-5.24187,-5.24187,-5.24187,-5.24187,-5.24187,-5.24187,-5.24187,-5.24187,-5.24187,-5.24187,-5.24187,-5.24187,-5.24187,-5.24187,-5.24187,-5.24187,-5.24187,-5.24187,-5.24187,-5.24187,-5.24187,-5.24187,-5.24187,-2.52878,-5.24187,}

CLUSTER-10{size: 1 , centroid: 1.29728,0.526679,0.925098,0.925098,0.925098,0.925098,0.925098,0.925098,0.925098,0.925098,0.925098,0.925098,0.925098,0.925098,0.925098,0.925098,0.925098,0.925098,0.925098,0.918524,0.925098,0.925098,0.925098,0.925098,0.925098,0.925098,0.925098,0.925098,0.925098,0.637184,0.925098,0.389058,0.925098,0.925098,0.925098,0.925098,4.93039,0.925098,0.925098,0.925098,0.925098,0.925098,0.925098,0.925098,0.925098,0.931324,0.925098,0.53604,0.925098,0.925098,0.925098,0.925098,0.376934,0.925098,0.925098,0.925098,0.911355,0.925098,0.53604,0.925098,0.925098,0.97354,0.89082,0.925098,0.925098,0.925098,0.925098,0.925098,0.925098,0.925098,0.925098,0.925098,0.79941,0.925098,0.925098,0.925098,0.925098,0.925098,0.925098,0.925098,0.925098,0.53604,0.925098,0.53604,0.925098,0.925098,0.925098,0.925098,0.925098,0.925098,0.925098,0.53604,0.925098,0.925098,0.925098,0.925098,0.925098,0.925098,0.389058,0.925098,}

CLUSTER-11{size: 8 , centroid: 5.25226,2.01423,0.660126,0.660126,0.660126,0.658349,0.660126,0.527461,0.660126,0.603966,0.497878,0.676179,0.660126,0.570813,0.660126,0.587512,0.660126,0.660126,0.660126,0.660126,0.660126,0.660126,0.660126,0.660126,0.421475,0.660126,0.592751,0.660126,0.431977,0.533573,0.434801,0.59089,0.669353,0.660126,0.669612,0.810225,0.59733,0.660126,0.660126,0.660126,0.191657,0.660126,0.665347,0.483208,0.58234,0.502472,0.614438,0.75891,0.660126,0.377553,0.660126,0.483918,0.616881,0.576666,0.510561,0.561087,0.550538,0.660126,0.611021,0.572613,0.547462,0.251796,0.48501,0.660126,0.660126,0.587561,0.59617,0.627977,0.660126,0.653112,0.660126,0.427718,0.677223,0.53614,0.662977,0.660126,0.660126,0.660126,0.611489,0.569984,0.660126,0.668395,0.571211,0.588347,0.660126,0.548658,0.614438,0.660126,0.579231,0.588614,0.529907,0.660126,0.660126,0.441662,0.660126,0.58234,0.522157,0.50228,0.507374,0.648728,}

CLUSTER-12{size: 2 , centroid: 9.50321,9.8928,8.38271,8.38271,8.38271,8.38271,8.38271,8.38271,8.38271,8.38271,8.38271,8.38271,8.38271,8.38271,8.38271,8.38271,8.38271,8.38271,8.38271,8.38271,8.38271,8.38271,8.38271,8.38271,8.38271,8.38271,8.38271,8.38271,8.38271,8.38271,8.38271,8.38271,8.38271,8.38271,8.38271,8.38271,8.38271,8.38271,8.38271,8.38271,8.38271,8.38271,8.38271,8.38271,8.38271,8.38271,8.38271,8.38271,8.38271,8.38271,8.38271,8.38271,8.38271,8.38271,8.38271,8.38271,8.38271,8.38271,8.38271,8.38271,8.38271,8.38271,8.38271,8.38271,8.38271,8.38271,8.38271,5.75211,8.38271,8.38271,8.38271,8.38271,8.38271,8.38271,8.38271,8.38271,8.38271,8.38271,8.38271,8.38271,8.38271,8.38271,8.38271,8.38271,8.38271,8.38271,8.38271,8.38271,8.38271,8.38271,8.38271,8.38271,8.38271,8.38271,8.38271,8.38271,8.38271,8.38271,8.38271,8.38271,}

CLUSTER-13{size: 26 , centroid: 1.02568,0.733739,0.685108,0.67162,0.667994,0.647862,0.685108,0.661111,0.685108,0.642143,0.652349,0.685108,0.685108,0.692365,0.661111,0.644279,0.672633,0.685108,0.689287,0.63494,0.685108,0.68561,0.685108,0.661111,0.764268,0.667952,0.685108,0.624563,0.722693,0.634856,0.685313,0.685108,0.685108,0.685108,0.668218,0.766506,0.840389,0.667994,0.685108,0.65121,0.566184,0.668485,0.685108,0.735737,0.685108,0.612705,0.718062,0.68768,0.685642,0.685108,0.685108,0.674532,0.725105,0.703289,0.662783,0.661077,0.65689,0.703289,0.635292,0.661111,0.721054,0.762151,0.629875,0.685108,0.685108,0.674845,0.685642,0.703289,0.703289,0.677812,0.68561,0.634531,0.661495,0.703289,0.73107,0.685108,0.703289,0.685108,0.686521,0.65784,0.685108,0.662612,0.668335,0.68969,0.711158,0.654457,0.685108,0.685108,0.680901,0.694338,0.685108,0.696137,0.685642,0.68969,0.685108,0.677104,0.663295,0.661457,0.660831,0.685108,}

CLUSTER-14{size: 0 , centroid: 5.29322,4.44931,0.953704,0.887875,1.86485,1.67824,-0.377227,1.43243,2.15056,-0.415108,1.86044,0.381819,0.722315,1.99644,2.67913,1.11821,1.48595,2.12302,-0.855542,2.47701,2.16001,0.224135,2.61962,2.84374,0.701108,1.67824,1.3723,2.66052,3.36447,2.49051,2.94199,-0.855542,2.05062,2.1107,2.12747,1.25358,2.47561,1.3213,1.67824,1.03235,2.73585,1.60423,2.51931,1.48358,0.93919,2.45677,2.16896,1.73217,0,0.55737,1.10722,1.80863,2.54342,0.176808,2.48086,-1.19549,2.09229,2.31261,1.42044,0.295958,1.13661,4.35139,-0.415108,1.10413,1.61289,0.361158,4.2188,1.31242,0.361158,1.39848,1.62207,1.53798,2.07786,0.801591,1.64266,0.328338,0.822253,3.56656,0.571885,3.013,0.295958,2.30474,0.295958,1.84625,3.3813,3.25633,0.571885,1.1622,2.84428,2.09795,1.14853,2.31503,1.67824,1.01232,3.53079,3.95834,2.22563,2.27074,2.80404,0,}

clustering_time: 0.146661
Silhouette: [-0.290214,0.623965,0.0802496,0.413719,0.0316501,0.298573,0.53939,0.718046,0.383307,0.922028,0.386407,0.373375] 

--------------------------------------------


CLUSTER-0 {86,186,118,149} 

CLUSTER-1 {166,160,139,81,173,138,182,38,113,2,190,51,131,136,158,170,174,148,31,60,109,194,9,134,189,3,24,18,27,72,34,165,151,90,91,97,43,21,108,119,140,143} 

CLUSTER-2 {163,147,153,175,46,19,197,199,80,94,0,53,35,6,29,198,103,101,195,107,141,115,145,130} 

CLUSTER-3 {54,67,181,48,68,172,168,74,17,64,56,120,129} 

CLUSTER-4 {41} 

CLUSTER-5 {128,58,8,23,15} 

CLUSTER-6 {164,167,123,180,98,14,135,12,10} 

CLUSTER-7 {88} 

CLUSTER-8 {152,65,159,102,36,7,52,25,77,39,78,61,84,69,125,155,57,55,192,62,75,183,191,79,16,45,176,142,32,110,83,95,96,104,117,99,66,157,144} 

CLUSTER-9 {87} 

CLUSTER-10 {196,89} 

CLUSTER-11 {137,40,73,184,63,93,37,4,116} 

CLUSTER-12 {171,124,132} 

CLUSTER-13 {71,156,150,146,127,70,33,49,1,188,30,11,177,76,185,42,20,92,44,112,85,26,100,105,114,154,126} 

CLUSTER-14 {22} 
